594.00
470.94
480.18
427.97
421.30
394.93
384.66
344.36
323.43
312.20
308.40
311.64
301.06
289.99
288.44
282.83
286.83
284.38
284.79
283.33
279.21
276.44
276.12
274.27
275.40
274.20
272.60
271.93
271.65
271.95
271.30
271.33
271.04
270.12
270.10
269.99
269.80
269.80
269.40
269.25
269.26
269.12
269.06
269.13
269.13
269.09
268.80
268.71
268.78
268.69
268.69
268.68
268.68
268.69
268.65
268.52
268.49
268.47
268.50
268.47
268.47
268.40
268.40
268.39
268.37
268.39
268.36
268.34
268.33
268.32
268.34
268.32
268.33
268.32
268.30
268.30
268.30
268.30
268.29
268.30
268.30
268.29
268.29
268.29
268.28
268.29
268.28
268.29
268.28
268.28
268.28
268.28
268.28
268.28
268.28
268.28
268.28
268.28
268.28
268.28
268.28
268.28
268.28
268.27
268.27
268.28
268.27
268.27
268.27
268.27
268.27
268.27
268.27
268.27
268.27
268.27
268.27
268.27
268.27
268.27
268.27
268.27
268.27
268.27
268.27
268.27
268.27
268.27
268.27
268.27
268.27
268.27
268.27
268.27
268.27
268.27
268.27
268.27
268.27
268.27
268.27
268.27
268.27
268.27
268.27
268.27
268.27
268.27
268.27
268.27
268.27
268.27
268.27
268.27
268.27
268.27
268.27
268.27
268.27
268.27
268.27
268.27
268.27
268.27
268.27
268.27
268.27
268.27
268.27
268.27
268.27
268.27
268.27
268.27
268.27
268.27
268.27
268.27
268.27
268.27
268.27
268.27
268.27
268.27
268.27
268.27
268.27
268.27
268.27
268.27
268.27
268.27
268.27
268.27
268.27
268.27
268.27
268.27
268.27
268.27
268.27
268.27
268.27
268.27
268.27
268.27
268.27
268.27
268.27
268.27
268.27
268.27
268.27
268.27
268.27
268.27
268.27
268.27
268.27
268.27
268.27
268.27
268.27
268.27
268.27
268.27
268.27
268.27
268.27
268.27
268.27
268.27
268.27
268.27
268.27
268.27
268.27
268.27
268.27
268.27
268.27
268.27
268.27
268.27
268.27
268.27
268.27
268.27
268.27
268.27
268.27
268.27
268.27
268.27
268.27
268.27
