831.00
643.14
660.12
650.70
639.54
631.41
520.18
525.48
465.59
496.39
472.47
499.22
453.73
438.46
436.23
441.65
412.77
414.22
416.34
423.26
399.70
403.42
410.75
417.04
396.67
389.22
387.82
391.07
378.66
375.78
378.14
385.67
373.74
370.60
370.02
367.19
370.55
363.71
363.37
363.73
361.17
359.98
359.74
360.92
358.80
359.00
360.20
357.55
356.54
356.33
355.65
356.33
354.76
354.82
355.70
354.50
354.19
354.25
353.60
353.45
353.35
353.77
353.27
352.97
352.84
352.66
352.69
352.58
352.73
352.45
352.35
352.27
352.24
352.16
352.23
352.12
352.07
352.02
352.03
351.96
351.98
351.96
352.01
351.93
351.90
351.90
351.88
351.87
351.85
351.84
351.82
351.82
351.81
351.82
351.81
351.79
351.80
351.79
351.79
351.78
351.79
351.78
351.79
351.78
351.78
351.78
351.77
351.77
351.77
351.77
351.77
351.77
351.76
351.77
351.77
351.76
351.76
351.76
351.76
351.76
351.76
351.76
351.76
351.76
351.76
351.76
351.76
351.76
351.76
351.76
351.76
351.76
351.76
351.76
351.76
351.76
351.76
351.76
351.76
351.76
351.76
351.76
351.76
351.76
351.76
351.76
351.76
351.76
351.76
351.76
351.76
351.76
351.76
351.76
351.76
351.76
351.76
351.76
351.76
351.76
351.76
351.76
351.76
351.76
351.76
351.76
351.76
351.76
351.76
351.76
351.76
351.76
351.76
351.76
351.76
351.76
351.76
351.76
351.76
351.76
351.76
351.76
351.76
351.76
351.76
351.76
351.76
351.76
351.76
351.76
351.76
351.76
351.76
351.76
351.76
351.76
351.76
351.76
351.76
351.76
351.76
351.76
351.76
351.76
351.76
351.76
351.76
351.76
351.76
351.76
351.76
351.76
351.76
351.76
351.76
351.76
351.76
351.76
351.76
351.76
351.76
351.76
351.76
351.76
351.76
351.76
351.76
351.76
351.76
351.76
351.76
351.76
351.76
351.76
351.76
351.76
351.76
351.76
351.76
351.76
351.76
