46.00
48.06
52.27
50.06
51.83
47.97
47.88
49.46
47.08
39.13
37.34
35.96
35.69
35.10
32.44
32.02
31.88
31.62
31.60
30.96
30.60
30.51
30.46
30.32
30.09
30.00
29.97
29.91
29.85
29.74
29.69
29.71
29.66
29.68
29.63
29.66
29.61
29.58
29.55
29.56
29.54
29.53
29.52
29.49
29.49
29.48
29.48
29.48
29.46
29.46
29.46
29.45
29.45
29.45
29.44
29.44
29.44
29.44
29.44
29.44
29.44
29.43
29.43
29.44
29.43
29.43
29.43
29.43
29.43
29.43
29.43
29.43
29.43
29.43
29.43
29.43
29.43
29.43
29.43
29.43
29.42
29.43
29.43
29.42
29.43
29.43
29.42
29.43
29.43
29.42
29.43
29.42
29.43
29.42
29.43
29.43
29.43
29.42
29.42
29.42
29.42
29.43
29.42
29.42
29.42
29.43
29.43
29.42
29.42
29.43
29.42
29.42
29.43
29.42
29.42
29.43
29.42
29.43
29.42
29.43
29.42
29.43
29.42
29.42
29.43
29.42
29.42
29.43
29.43
29.42
29.42
29.42
29.42
29.42
29.42
29.43
29.42
29.43
29.42
29.42
29.43
29.42
29.42
29.42
29.43
29.42
29.42
29.43
29.42
29.42
29.42
29.42
29.42
29.42
29.42
29.42
29.43
29.42
29.42
29.43
29.42
29.42
29.42
29.42
29.42
29.43
29.42
29.42
29.42
29.42
29.42
29.42
29.42
29.43
29.42
29.42
29.42
29.43
29.43
29.42
29.42
29.42
29.42
29.43
29.42
29.42
29.42
29.42
29.42
29.42
29.43
29.42
29.43
29.42
29.42
29.43
29.42
29.43
29.43
29.42
29.42
29.43
29.42
29.43
29.42
29.42
29.43
29.42
29.43
29.43
29.42
29.42
29.42
29.42
29.42
29.43
29.42
29.42
29.42
29.43
29.42
29.43
29.42
29.42
29.42
29.42
29.42
29.42
29.43
29.42
29.42
29.42
29.43
29.42
29.42
29.43
29.43
29.42
29.42
29.43
29.42
29.42
29.43
29.42
29.42
29.42
29.42
29.42
29.42
