4118.00
3580.29
3381.84
3242.03
3122.99
3085.70
2804.42
2701.17
2647.62
2612.05
2599.63
2523.48
2506.76
2482.57
2476.91
2469.55
2449.31
2441.70
2435.73
2433.32
2430.36
2421.04
2418.99
2415.76
2414.62
2412.70
2409.04
2408.00
2406.80
2406.17
2405.48
2403.68
2402.87
2402.53
2402.10
2401.78
2400.99
2400.66
2400.43
2400.21
2400.06
2399.66
2399.48
2399.32
2399.26
2399.15
2398.99
2398.87
2398.83
2398.75
2398.74
2398.65
2398.59
2398.56
2398.53
2398.51
2398.46
2398.44
2398.43
2398.41
2398.40
2398.38
2398.37
2398.36
2398.35
2398.34
2398.33
2398.33
2398.32
2398.32
2398.32
2398.31
2398.31
2398.31
2398.31
2398.30
2398.30
2398.30
2398.30
2398.30
2398.29
2398.30
2398.29
2398.29
2398.29
2398.29
2398.29
2398.29
2398.29
2398.29
2398.29
2398.29
2398.29
2398.29
2398.29
2398.29
2398.29
2398.29
2398.29
2398.28
2398.29
2398.28
2398.29
2398.29
2398.29
2398.28
2398.29
2398.29
2398.28
2398.29
2398.29
2398.29
2398.28
2398.28
2398.29
2398.28
2398.29
2398.28
2398.29
2398.28
2398.29
2398.29
2398.28
2398.29
2398.28
2398.28
2398.29
2398.29
2398.28
2398.28
2398.29
2398.28
2398.28
2398.28
2398.29
2398.28
2398.29
2398.28
2398.29
2398.28
2398.29
2398.28
2398.29
2398.29
2398.28
2398.29
2398.28
2398.28
2398.29
2398.29
2398.28
2398.28
2398.28
2398.28
2398.28
2398.29
2398.28
2398.29
2398.28
2398.29
2398.28
2398.28
2398.29
2398.29
2398.28
2398.28
2398.29
2398.28
2398.28
2398.29
2398.28
2398.28
2398.29
2398.28
2398.28
2398.28
2398.29
2398.28
2398.28
2398.28
2398.29
2398.28
2398.29
2398.28
2398.28
2398.28
2398.28
2398.28
2398.28
2398.28
2398.28
2398.29
2398.29
2398.29
2398.28
2398.28
2398.28
2398.28
2398.28
2398.29
2398.28
2398.28
2398.29
2398.28
2398.28
2398.28
2398.28
2398.29
2398.28
2398.29
2398.28
2398.28
2398.28
2398.28
2398.28
2398.28
2398.29
2398.28
2398.28
