5001.00
3254.00
2757.57
2610.17
2475.47
2569.19
2300.71
1943.33
1873.64
1819.95
1784.84
1778.06
1686.33
1622.83
1595.46
1594.56
1586.82
1537.89
1522.18
1514.55
1505.75
1508.34
1503.46
1477.39
1474.02
1469.28
1470.05
1468.51
1465.53
1456.52
1454.13
1451.21
1450.25
1451.11
1448.63
1443.98
1442.64
1442.25
1441.85
1441.57
1438.76
1438.23
1437.86
1437.60
1437.44
1436.08
1435.73
1435.60
1435.52
1435.48
1434.82
1434.64
1434.55
1434.47
1434.40
1434.07
1434.02
1433.98
1433.93
1433.93
1433.75
1433.74
1433.69
1433.67
1433.66
1433.59
1433.57
1433.56
1433.54
1433.55
1433.53
1433.50
1433.48
1433.48
1433.48
1433.48
1433.46
1433.45
1433.44
1433.44
1433.44
1433.44
1433.43
1433.43
1433.43
1433.42
1433.43
1433.42
1433.42
1433.42
1433.42
1433.42
1433.42
1433.41
1433.42
1433.41
1433.41
1433.41
1433.42
1433.41
1433.41
1433.41
1433.41
1433.42
1433.40
1433.41
1433.41
1433.41
1433.41
1433.41
1433.41
1433.41
1433.41
1433.41
1433.41
1433.41
1433.41
1433.41
1433.41
1433.41
1433.41
1433.41
1433.40
1433.41
1433.41
1433.41
1433.40
1433.41
1433.41
1433.41
1433.41
1433.40
1433.41
1433.41
1433.41
1433.40
1433.41
1433.40
1433.40
1433.42
1433.40
1433.41
1433.41
1433.41
1433.40
1433.41
1433.40
1433.41
1433.41
1433.41
1433.41
1433.40
1433.41
1433.41
1433.40
1433.41
1433.40
1433.42
1433.41
1433.41
1433.40
1433.40
1433.41
1433.40
1433.41
1433.41
1433.41
1433.42
1433.40
1433.40
1433.41
1433.41
1433.40
1433.41
1433.40
1433.41
1433.40
1433.41
1433.41
1433.41
1433.41
1433.41
1433.41
1433.41
1433.41
1433.41
1433.41
1433.41
1433.40
1433.41
1433.41
1433.41
1433.40
1433.41
1433.40
1433.40
1433.41
1433.40
1433.41
1433.41
1433.40
1433.41
1433.41
1433.41
1433.41
1433.41
1433.40
1433.41
1433.41
1433.40
1433.41
1433.40
1433.41
1433.41
1433.41
1433.41
1433.41
1433.40
1433.41
1433.41
1433.41
1433.41
1433.40
1433.41
1433.41
1433.41
