300.00
64.00
69.57
76.83
73.05
78.98
77.24
81.68
76.47
78.12
75.62
63.42
62.18
60.52
60.62
60.21
61.07
60.10
55.19
55.30
55.01
54.50
54.85
54.56
54.76
54.64
51.86
52.54
51.87
52.15
51.90
52.17
51.87
52.21
51.82
50.98
51.12
50.93
51.09
50.92
51.10
50.91
51.09
50.94
50.53
50.62
50.51
50.58
50.50
50.58
50.50
50.57
50.50
50.29
50.37
50.28
50.35
50.29
50.34
50.29
50.34
50.29
50.19
50.23
50.19
50.22
50.20
50.22
50.20
50.21
50.20
50.15
50.17
50.15
50.16
50.15
50.16
50.15
50.16
50.15
50.13
50.13
50.13
50.13
50.13
50.13
50.12
50.13
50.12
50.11
50.12
50.11
50.12
50.12
50.12
50.12
50.12
50.11
50.11
50.11
50.11
50.11
50.11
50.11
50.11
50.11
50.11
50.11
50.11
50.11
50.10
50.10
50.11
50.10
50.11
50.10
50.11
50.11
50.10
50.10
50.10
50.10
50.10
50.10
50.11
50.10
50.10
50.10
50.10
50.11
50.10
50.10
50.10
50.10
50.10
50.10
50.10
50.10
50.10
50.10
50.10
50.10
50.10
50.10
50.10
50.10
50.11
50.10
50.10
50.10
50.10
50.11
50.10
50.10
50.10
50.10
50.10
50.10
50.10
50.10
50.10
50.10
50.10
50.10
50.10
50.10
50.10
50.10
50.10
50.10
50.10
50.10
50.11
50.10
50.10
50.10
50.10
50.10
50.10
50.10
50.10
50.10
50.10
50.10
50.10
50.10
50.10
50.11
50.10
50.10
50.10
50.10
50.10
50.10
50.11
50.10
50.10
50.10
50.11
50.10
50.10
50.11
50.10
50.10
50.10
50.10
50.10
50.10
50.10
50.10
50.10
50.10
50.10
50.10
50.10
50.10
50.10
50.10
50.10
50.10
50.10
50.11
50.10
50.10
50.10
50.10
50.10
50.10
50.10
50.10
50.10
50.10
50.10
50.10
50.10
50.10
50.10
50.10
50.10
50.10
50.10
50.10
50.10
50.10
50.10
50.10
50.10
50.10
50.11
50.10
50.10
50.10
50.10
50.10
50.10
50.10
50.10
50.10
50.10
50.10
50.10
50.10
50.10
50.10
50.10
50.10
50.10
50.10
50.10
50.11
50.10
50.10
50.10
50.10
50.10
50.10
50.10
50.10
50.10
50.10
50.10
50.10
