1002.00
304.81
289.42
281.59
277.13
263.71
235.53
225.16
217.78
212.97
210.35
201.92
200.20
198.11
197.54
196.71
193.80
193.10
192.60
192.55
192.03
190.99
190.77
190.43
190.27
190.14
189.63
189.56
189.44
189.35
189.28
189.07
189.01
188.94
188.90
188.90
188.78
188.74
188.71
188.69
188.68
188.62
188.61
188.60
188.59
188.58
188.56
188.55
188.54
188.54
188.54
188.52
188.52
188.52
188.51
188.51
188.51
188.51
188.50
188.50
188.50
188.50
188.50
188.50
188.49
188.49
188.49
188.49
188.49
188.49
188.49
188.49
188.49
188.49
188.49
188.49
188.49
188.48
188.49
188.49
188.49
188.48
188.49
188.48
188.49
188.48
188.49
188.49
188.49
188.49
188.49
188.48
188.48
188.48
188.49
188.48
188.49
188.49
188.48
188.49
188.48
188.48
188.48
188.49
188.49
188.49
188.49
188.48
188.49
188.48
188.48
188.48
188.48
188.49
188.48
188.49
188.48
188.48
188.48
188.48
188.48
188.49
188.49
188.48
188.48
188.49
188.48
188.48
188.49
188.48
188.48
188.48
188.49
188.48
188.49
188.49
188.48
188.48
188.48
188.48
188.48
188.48
188.48
188.48
188.48
188.49
188.48
188.48
188.48
188.48
188.48
188.49
188.48
188.48
188.48
188.48
188.49
188.48
188.48
188.49
188.48
188.48
188.48
188.48
188.48
188.49
188.49
188.49
188.48
188.48
188.49
188.48
188.48
188.48
188.48
188.49
188.48
188.48
188.49
188.48
188.49
188.48
188.49
188.49
188.48
188.48
188.48
188.48
188.48
188.48
188.48
188.48
188.49
188.48
188.49
188.48
188.48
188.48
188.48
188.48
188.48
188.49
188.48
188.48
188.48
188.48
188.48
188.48
188.49
188.48
188.48
188.48
188.48
188.48
188.48
188.49
188.48
188.49
188.49
188.48
188.48
188.48
188.49
188.48
188.49
188.48
188.49
188.48
188.49
188.48
188.48
188.48
188.48
188.48
