58.00
56.35
54.53
55.26
51.78
51.19
43.90
42.35
41.73
40.77
40.76
36.61
36.12
35.41
35.54
34.41
35.10
34.70
33.50
32.98
32.95
32.68
32.34
32.06
31.84
31.72
31.73
31.63
31.57
31.38
31.27
31.24
31.19
31.18
31.05
31.01
30.95
30.96
30.93
30.92
30.87
30.85
30.84
30.82
30.82
30.78
30.78
30.77
30.77
30.76
30.76
30.75
30.74
30.74
30.74
30.73
30.73
30.73
30.72
30.72
30.72
30.72
30.72
30.72
30.71
30.71
30.71
30.71
30.71
30.71
30.71
30.71
30.71
30.71
30.71
30.71
30.71
30.71
30.71
30.71
30.71
30.71
30.71
30.71
30.71
30.71
30.70
30.71
30.71
30.71
30.71
30.71
30.71
30.71
30.71
30.71
30.71
30.71
30.70
30.71
30.71
30.70
30.71
30.70
30.71
30.71
30.70
30.70
30.70
30.71
30.70
30.71
30.71
30.71
30.70
30.70
30.71
30.71
30.71
30.70
30.71
30.71
30.70
30.71
30.70
30.70
30.71
30.71
30.71
30.70
30.71
30.70
30.70
30.71
30.70
30.71
30.71
30.71
30.71
30.70
30.71
30.70
30.71
30.70
30.71
30.71
30.70
30.70
30.70
30.71
30.71
30.71
30.71
30.71
30.70
30.71
30.70
30.70
30.71
30.71
30.70
30.71
30.70
30.70
30.70
30.70
30.70
30.71
30.71
30.70
30.71
30.70
30.70
30.71
30.71
30.70
30.71
30.71
30.71
30.70
30.70
30.71
30.70
30.70
30.71
30.70
30.70
30.71
30.71
30.70
30.70
30.70
30.71
30.71
30.70
30.71
30.71
30.70
30.71
30.71
30.70
30.70
30.70
30.71
30.71
30.71
30.71
30.70
30.70
30.70
30.70
30.70
30.70
30.70
30.71
30.71
30.70
30.71
30.70
30.71
30.70
30.70
30.70
30.71
30.70
30.70
30.71
30.70
30.71
30.70
30.70
30.70
30.71
30.71
30.71
30.71
30.71
