62.00
71.79
87.86
78.20
88.18
82.90
84.95
86.53
87.15
87.42
87.12
86.88
67.21
62.26
63.76
63.10
63.06
64.66
63.98
56.03
56.60
57.21
57.08
57.34
57.26
57.30
57.23
57.32
57.27
52.68
53.48
52.82
53.25
52.97
53.19
52.99
53.17
53.04
51.40
51.53
51.37
51.52
51.38
51.48
51.42
51.46
51.44
50.72
50.74
50.71
50.69
50.70
50.70
50.69
50.28
50.43
50.29
50.40
50.28
50.40
50.29
50.39
50.29
50.16
50.19
50.16
50.18
50.16
50.18
50.16
50.18
50.16
50.07
50.10
50.08
50.09
50.08
50.09
50.08
50.09
50.08
50.04
50.04
50.04
50.04
50.04
50.04
50.04
50.02
50.02
50.02
50.02
50.02
50.02
50.02
50.02
50.02
50.01
50.01
50.01
50.01
50.01
50.01
50.01
50.01
50.01
50.01
50.01
50.01
50.01
50.00
50.01
50.00
50.00
50.01
50.00
50.00
50.00
50.00
50.00
50.00
50.00
50.00
50.00
50.00
50.00
50.00
50.00
50.00
50.00
50.00
50.00
50.00
50.00
50.00
50.00
50.00
50.00
50.00
50.00
50.00
50.00
50.00
50.00
50.00
50.00
50.00
50.00
50.00
50.00
50.00
50.00
50.00
50.00
50.00
50.00
50.00
50.00
50.00
50.00
50.00
50.00
50.00
50.00
50.00
50.00
50.00
50.00
50.00
50.00
50.00
50.00
50.00
50.00
50.00
50.00
50.00
50.00
50.00
50.00
50.00
50.00
50.00
50.00
50.00
50.00
50.00
50.00
50.00
50.00
50.00
50.00
50.00
50.00
50.00
50.00
50.00
50.00
50.00
50.00
50.00
50.00
50.00
50.00
50.00
50.00
50.00
50.00
50.00
50.00
50.00
50.00
50.00
50.00
50.00
50.00
50.00
50.00
50.00
50.00
50.00
50.00
50.00
50.00
50.00
50.00
50.00
50.00
50.00
50.00
50.00
50.00
50.00
50.00
50.00
50.00
50.00
50.00
50.00
50.00
50.00
50.00
50.00
50.00
50.00
50.00
50.00
50.00
50.00
50.00
50.00
50.00
50.00
50.00
50.00
50.00
50.00
50.00
50.00
50.00
50.00
50.00
50.00
50.00
50.00
50.00
50.00
50.00
50.00
50.00
50.00
50.00
50.00
50.00
