801.00
742.84
833.92
862.59
925.33
898.81
943.21
911.81
936.87
917.22
928.69
926.86
719.19
643.56
625.13
627.44
632.55
626.29
626.87
627.80
615.91
566.74
565.91
564.88
560.85
562.77
559.71
537.87
542.44
538.27
540.72
539.45
540.29
539.47
541.46
539.02
526.56
527.01
526.35
527.07
526.17
527.04
526.57
526.68
526.49
520.33
520.97
520.47
520.72
520.50
520.68
520.41
520.81
520.27
517.41
518.08
517.39
517.98
517.43
517.95
517.48
518.01
517.34
516.18
516.44
516.21
516.35
516.22
516.32
516.26
516.33
516.25
515.56
515.64
515.56
515.62
515.54
515.64
515.53
515.63
515.54
515.22
515.29
515.21
515.26
515.22
515.25
515.23
515.25
515.24
515.05
515.11
515.03
515.11
515.04
515.10
515.04
515.10
515.04
514.98
514.99
514.97
514.99
514.97
514.99
514.97
514.99
514.97
514.93
514.95
514.93
514.94
514.94
514.94
514.94
514.94
514.91
514.92
514.91
514.92
514.92
514.92
514.92
514.92
514.92
514.90
514.91
514.90
514.91
514.90
514.91
514.90
514.91
514.91
514.90
514.90
514.90
514.90
514.90
514.90
514.90
514.90
514.90
514.89
514.90
514.90
514.90
514.90
514.90
514.90
514.90
514.90
514.90
514.90
514.90
514.90
514.90
514.90
514.90
514.90
514.90
514.90
514.89
514.90
514.89
514.90
514.90
514.90
514.89
514.90
514.90
514.90
514.89
514.90
514.89
514.90
514.90
514.90
514.89
514.90
514.90
514.90
514.90
514.89
514.90
514.89
514.90
514.89
514.90
514.89
514.89
514.90
514.90
514.90
514.90
514.90
514.90
514.89
514.90
514.89
514.90
514.89
514.90
514.89
514.90
514.90
514.90
514.89
514.90
514.89
514.89
514.90
514.90
514.90
514.90
514.89
514.89
514.90
514.90
514.89
514.90
514.89
514.90
514.90
514.89
514.90
514.90
514.89
514.89
514.89
514.90
514.89
514.90
514.89
514.90
514.89
514.90
514.89
514.90
514.89
514.90
514.89
514.90
514.90
514.89
514.90
514.89
514.90
514.89
514.90
514.90
514.90
514.90
514.90
514.89
514.90
514.90
514.90
514.90
514.90
514.89
514.90
514.89
514.90
514.89
514.90
514.89
514.90
514.89
514.89
514.90
514.89
514.90
514.90
514.90
514.89
514.90
514.90
514.89
