619.00
574.57
533.90
482.53
444.20
440.33
403.59
395.91
388.04
387.40
384.65
371.02
369.49
369.00
366.05
364.81
362.05
360.15
360.78
360.45
359.23
358.22
357.46
357.12
356.84
356.50
356.45
355.72
355.58
355.36
355.25
355.09
354.78
354.75
354.63
354.59
354.52
354.43
354.33
354.27
354.29
354.24
354.21
354.16
354.13
354.08
354.08
354.07
354.03
354.02
354.00
354.01
353.99
353.99
353.97
353.96
353.96
353.95
353.95
353.94
353.94
353.94
353.93
353.93
353.93
353.93
353.92
353.93
353.92
353.92
353.92
353.92
353.92
353.92
353.92
353.92
353.92
353.92
353.92
353.92
353.92
353.91
353.91
353.91
353.91
353.91
353.91
353.91
353.91
353.91
353.91
353.91
353.91
353.91
353.91
353.91
353.91
353.91
353.91
353.91
353.91
353.91
353.91
353.91
353.91
353.91
353.91
353.91
353.91
353.91
353.91
353.91
353.91
353.91
353.91
353.91
353.91
353.91
353.91
353.91
353.91
353.91
353.91
353.91
353.91
353.91
353.91
353.91
353.91
353.91
353.91
353.91
353.91
353.91
353.91
353.91
353.91
353.91
353.91
353.91
353.91
353.91
353.91
353.91
353.91
353.91
353.91
353.91
353.91
353.91
353.91
353.91
353.91
353.91
353.91
353.91
353.91
353.91
353.91
353.91
353.91
353.91
353.91
353.91
353.91
353.91
353.91
353.91
353.91
353.91
353.91
353.91
353.91
353.91
353.91
353.91
353.91
353.91
353.91
353.91
353.91
353.91
353.91
353.91
353.91
353.91
353.91
353.91
353.91
353.91
353.91
353.91
353.91
353.91
353.91
353.91
353.91
353.91
353.91
353.91
353.91
353.91
353.91
353.91
353.91
353.91
353.91
353.91
353.91
353.91
353.91
353.91
353.91
353.91
353.91
353.91
353.91
353.91
353.91
353.91
353.91
353.91
353.91
353.91
353.91
353.91
353.91
353.91
353.91
353.91
353.91
353.91
353.91
353.91
