47.00
40.17
40.67
40.18
40.15
35.73
36.11
32.33
34.81
31.76
34.65
30.90
31.31
33.38
30.33
31.03
29.24
28.97
29.81
28.13
28.34
28.86
29.38
27.80
28.87
27.45
27.01
27.50
26.42
26.31
26.84
26.09
25.93
25.36
25.19
25.05
25.17
25.08
25.04
24.75
24.70
24.64
24.69
24.54
24.49
24.41
24.38
24.30
24.35
24.27
24.22
24.21
24.18
24.18
24.15
24.14
24.12
24.10
24.09
24.09
24.08
24.07
24.07
24.06
24.06
24.05
24.05
24.04
24.04
24.04
24.04
24.03
24.04
24.03
24.03
24.03
24.03
24.03
24.02
24.02
24.03
24.02
24.02
24.02
24.02
24.02
24.02
24.02
24.02
24.02
24.02
24.02
24.02
24.02
24.02
24.02
24.02
24.02
24.02
24.02
24.02
24.02
24.02
24.02
24.02
24.02
24.02
24.02
24.02
24.02
24.02
24.02
24.02
24.01
24.02
24.02
24.02
24.02
24.02
24.01
24.01
24.01
24.02
24.02
24.02
24.02
24.02
24.01
24.02
24.02
24.01
24.02
24.01
24.02
24.02
24.02
24.02
24.02
24.01
24.02
24.02
24.02
24.02
24.02
24.01
24.02
24.02
24.02
24.01
24.02
24.02
24.01
24.02
24.01
24.02
24.02
24.02
24.02
24.02
24.02
24.02
24.02
24.02
24.01
24.02
24.02
24.02
24.02
24.01
24.02
24.02
24.02
24.02
24.02
24.02
24.02
24.02
24.01
24.02
24.02
24.02
24.02
24.02
24.02
24.02
24.01
24.01
24.01
24.02
24.02
24.01
24.02
24.02
24.02
24.02
24.02
24.02
24.01
24.02
24.01
24.02
24.02
24.02
24.01
24.02
24.02
24.02
24.02
24.01
24.02
24.01
24.02
24.02
24.02
24.02
24.02
24.02
24.02
24.02
24.02
24.01
24.02
24.02
24.01
24.02
24.02
24.02
24.02
24.01
24.02
24.01
24.02
24.02
24.02
24.02
24.01
24.02
24.02
24.02
24.01
24.02
24.01
24.02
24.02
24.02
