780.00
808.82
813.18
798.30
800.09
778.23
795.30
773.64
774.18
770.83
773.20
770.76
645.75
637.93
621.26
614.87
608.79
580.10
577.74
571.82
573.01
569.98
571.38
569.81
553.54
556.88
553.08
553.01
553.01
552.46
552.47
552.06
544.94
545.45
543.57
544.93
543.44
544.67
543.54
543.99
543.76
540.27
540.23
540.18
540.11
540.24
539.93
538.22
538.79
537.94
538.59
538.04
538.54
538.06
538.44
538.12
537.33
537.51
537.34
537.44
537.35
537.38
537.45
537.25
537.48
537.21
536.93
536.99
536.93
536.94
536.92
536.93
536.89
536.94
536.87
536.71
536.72
536.71
536.70
536.71
536.69
536.71
536.68
536.58
536.62
536.58
536.61
536.58
536.61
536.58
536.60
536.59
536.53
536.55
536.53
536.55
536.53
536.55
536.53
536.55
536.53
536.51
536.52
536.51
536.51
536.51
536.51
536.51
536.51
536.51
536.50
536.50
536.50
536.50
536.50
536.50
536.50
536.49
536.49
536.49
536.49
536.49
536.49
536.49
536.49
536.49
536.49
536.49
536.49
536.49
536.49
536.49
536.49
536.49
536.49
536.49
536.49
536.49
536.49
536.48
536.49
536.48
536.49
536.49
536.49
536.48
536.49
536.49
536.49
536.49
536.49
536.49
536.48
536.49
536.48
536.49
536.48
536.49
536.49
536.48
536.49
536.49
536.48
536.49
536.48
536.49
536.48
536.49
536.49
536.48
536.49
536.49
536.49
536.48
536.49
536.48
536.48
536.48
536.49
536.48
536.49
536.49
536.48
536.49
536.48
536.49
536.48
536.49
536.48
536.49
536.48
536.48
536.48
536.49
536.48
536.49
536.48
536.49
536.48
536.49
536.48
536.49
536.48
536.49
536.49
536.48
536.49
536.48
536.48
536.48
536.48
536.49
536.48
536.49
536.48
536.49
536.48
536.48
536.48
536.49
536.48
536.49
536.48
536.49
536.49
536.48
536.49
536.48
536.49
536.48
536.49
536.48
536.49
536.48
536.48
536.48
536.49
536.49
536.48
536.48
536.49
536.48
536.48
536.48
536.48
536.49
536.48
536.49
536.48
536.48
536.49
536.48
536.48
536.49
536.48
536.49
536.48
536.48
536.48
536.49
536.48
536.48
536.48
536.49
536.48
