43.00
48.22
51.76
52.99
47.01
50.82
47.02
49.75
49.28
49.98
45.17
40.64
38.52
36.12
34.84
34.39
31.91
30.27
29.89
29.87
29.34
28.46
28.25
28.14
27.96
27.96
27.51
27.39
27.33
27.22
27.30
27.21
26.94
26.92
26.90
26.86
26.89
26.82
26.73
26.69
26.72
26.68
26.69
26.67
26.67
26.67
26.67
26.61
26.60
26.59
26.59
26.58
26.56
26.56
26.55
26.55
26.55
26.54
26.53
26.53
26.53
26.53
26.52
26.53
26.52
26.52
26.52
26.51
26.52
26.52
26.52
26.51
26.52
26.52
26.51
26.51
26.51
26.51
26.51
26.51
26.51
26.51
26.51
26.51
26.51
26.51
26.51
26.51
26.51
26.51
26.51
26.51
26.51
26.51
26.51
26.50
26.51
26.51
26.51
26.51
26.50
26.51
26.51
26.51
26.51
26.51
26.51
26.50
26.51
26.51
26.50
26.51
26.50
26.51
26.51
26.50
26.51
26.50
26.51
26.51
26.51
26.51
26.51
26.50
26.50
26.50
26.50
26.51
26.50
26.51
26.51
26.50
26.51
26.50
26.51
26.51
26.51
26.51
26.50
26.50
26.51
26.50
26.50
26.51
26.50
26.51
26.51
26.50
26.50
26.51
26.50
26.51
26.50
26.50
26.51
26.50
26.51
26.50
26.51
26.50
26.50
26.51
26.50
26.50
26.51
26.51
26.50
26.50
26.50
26.50
26.50
26.51
26.50
26.51
26.51
26.51
26.51
26.50
26.51
26.51
26.51
26.50
26.50
26.50
26.50
26.50
26.50
26.51
26.51
26.50
26.51
26.51
26.50
26.50
26.50
26.51
26.50
26.50
26.51
26.51
26.50
26.51
26.51
26.51
26.50
26.51
26.50
26.51
26.50
26.50
26.50
26.50
26.50
26.51
26.51
26.50
26.50
26.51
26.50
26.51
26.50
26.51
26.50
26.51
26.50
26.50
26.50
26.50
26.50
26.51
26.50
26.50
26.51
26.50
26.51
26.50
26.51
26.50
26.51
26.50
26.51
26.50
26.51
26.51
26.51
26.51
26.50
26.51
26.50
26.51
26.50
