105.00
54.67
50.60
52.63
49.72
50.54
48.68
48.73
47.27
44.68
42.79
42.94
42.52
42.11
42.33
41.80
41.14
40.77
40.50
40.67
40.33
40.41
40.32
39.97
39.80
39.80
39.75
39.74
39.62
39.55
39.51
39.50
39.51
39.46
39.44
39.41
39.42
39.41
39.41
39.39
39.42
39.39
39.37
39.37
39.36
39.36
39.36
39.35
39.35
39.35
39.34
39.34
39.34
39.34
39.33
39.33
39.33
39.33
39.33
39.33
39.32
39.32
39.32
39.32
39.32
39.32
39.32
39.32
39.32
39.32
39.32
39.32
39.32
39.32
39.32
39.32
39.32
39.32
39.32
39.32
39.32
39.32
39.32
39.32
39.32
39.32
39.32
39.32
39.32
39.32
39.32
39.32
39.32
39.32
39.32
39.32
39.32
39.32
39.32
39.32
39.32
39.32
39.32
39.32
39.32
39.32
39.32
39.32
39.32
39.32
39.32
39.32
39.32
39.32
39.32
39.32
39.32
39.32
39.32
39.32
39.32
39.32
39.32
39.32
39.32
39.32
39.32
39.32
39.32
39.32
39.32
39.32
39.32
39.32
39.32
39.32
39.32
39.32
39.32
39.32
39.32
39.32
39.32
39.32
39.32
39.32
39.32
39.32
39.32
39.32
39.32
39.32
39.32
39.32
39.32
39.32
39.32
39.32
39.32
39.32
39.32
39.32
39.32
39.32
39.32
39.32
39.32
39.32
39.31
39.32
39.32
39.32
39.32
39.32
39.32
39.32
39.32
39.32
39.32
39.32
39.32
39.32
39.32
39.32
39.32
39.32
39.32
39.32
39.32
39.32
39.32
39.32
39.32
39.32
39.32
39.32
39.32
39.32
39.32
39.32
39.32
39.32
39.32
39.32
39.32
39.32
39.32
39.32
39.32
39.32
39.32
39.32
39.32
39.32
39.32
39.32
39.32
39.32
39.32
39.32
39.32
39.32
39.32
39.32
39.32
39.32
39.32
39.32
39.32
39.32
39.31
39.32
39.32
39.32
39.32
39.32
39.32
39.32
39.32
39.32
39.32
