216.00
221.23
234.08
210.20
218.35
197.96
209.37
201.74
210.50
197.23
171.59
166.08
158.68
156.91
155.00
143.36
139.11
136.36
136.31
133.94
129.61
127.12
125.94
124.97
124.60
122.33
121.59
121.10
120.51
120.50
119.34
119.05
118.73
118.64
118.46
117.94
117.74
117.62
117.60
117.51
117.22
117.14
117.07
117.05
117.06
117.01
116.87
116.84
116.79
116.78
116.79
116.77
116.71
116.68
116.66
116.66
116.65
116.65
116.63
116.61
116.60
116.60
116.59
116.59
116.58
116.56
116.56
116.56
116.55
116.56
116.55
116.56
116.54
116.55
116.54
116.54
116.54
116.54
116.55
116.53
116.54
116.53
116.53
116.53
116.53
116.53
116.53
116.54
116.53
116.53
116.53
116.52
116.53
116.52
116.52
116.54
116.52
116.52
116.52
116.53
116.52
116.53
116.52
116.53
116.52
116.52
116.52
116.53
116.52
116.52
116.53
116.52
116.53
116.52
116.53
116.52
116.52
116.52
116.52
116.52
116.53
116.52
116.52
116.52
116.52
116.52
116.52
116.53
116.52
116.52
116.52
116.52
116.52
116.52
116.52
116.53
116.52
116.52
116.52
116.52
116.52
116.52
116.52
116.52
116.53
116.52
116.52
116.52
116.52
116.52
116.52
116.52
116.52
116.53
116.53
116.52
116.52
116.52
116.52
116.52
116.52
116.52
116.52
116.54
116.52
116.52
116.52
116.52
116.52
116.52
116.52
116.53
116.52
116.52
116.52
116.52
116.53
116.52
116.52
116.52
116.52
116.53
116.52
116.52
116.52
116.52
116.52
116.52
116.52
116.53
116.52
116.52
116.52
116.52
116.52
116.52
116.52
116.52
116.54
116.52
116.52
116.52
116.53
116.52
116.52
116.54
116.52
116.53
116.52
116.53
116.52
116.52
116.52
116.52
116.53
116.52
116.52
116.52
116.52
116.52
116.52
116.52
116.52
116.52
116.52
116.53
116.52
116.53
116.52
116.52
116.52
116.52
116.52
116.53
116.52
116.52
