1016.00
929.14
835.46
755.04
736.96
736.56
681.95
614.98
602.25
576.52
563.52
548.82
526.51
511.09
507.86
504.77
487.21
482.14
478.76
476.00
473.04
467.78
465.62
464.15
462.29
463.17
461.33
458.75
457.68
457.14
456.12
456.58
456.57
454.36
454.00
453.58
453.69
453.24
452.93
452.56
452.29
452.10
452.12
451.97
451.98
451.76
451.48
451.40
451.28
451.32
451.17
451.17
451.21
451.17
450.98
450.89
450.85
450.84
450.83
450.69
450.69
450.67
450.64
450.65
450.65
450.63
450.58
450.57
450.57
450.55
450.55
450.55
450.52
450.51
450.51
450.51
450.50
450.50
450.49
450.49
450.49
450.49
450.49
450.48
450.48
450.48
450.47
450.47
450.47
450.47
450.47
450.47
450.47
450.47
450.47
450.46
450.47
450.47
450.47
450.46
450.47
450.47
450.46
450.46
450.46
450.46
450.47
450.46
450.47
450.46
450.46
450.46
450.46
450.46
450.46
450.47
450.46
450.47
450.46
450.46
450.46
450.46
450.46
450.46
450.46
450.46
450.46
450.46
450.46
450.46
450.46
450.46
450.46
450.46
450.46
450.46
450.46
450.46
450.46
450.46
450.46
450.46
450.46
450.46
450.46
450.46
450.46
450.46
450.46
450.46
450.46
450.46
450.46
450.46
450.46
450.46
450.46
450.47
450.46
450.46
450.46
450.46
450.46
450.46
450.46
450.46
450.46
450.46
450.46
450.46
450.46
450.46
450.46
450.46
450.46
450.47
450.46
450.46
450.46
450.46
450.46
450.46
450.46
450.46
450.46
450.46
450.46
450.46
450.46
450.46
450.46
450.46
450.46
450.46
450.46
450.46
450.46
450.46
450.46
450.46
450.46
450.46
450.46
450.46
450.46
450.46
450.46
450.46
450.46
450.46
450.46
450.46
450.46
450.46
450.46
450.46
450.46
450.46
450.46
450.46
450.46
450.46
450.46
450.46
450.46
450.46
450.46
450.46
450.46
450.46
450.46
450.46
450.46
450.46
450.46
450.46
450.46
450.46
450.46
450.46
