92.00
93.79
103.09
101.16
96.12
97.29
91.53
90.62
79.38
72.85
70.55
67.81
67.12
63.19
62.47
61.76
61.85
61.37
60.81
59.56
59.16
58.95
58.74
58.75
58.59
58.02
57.89
57.73
57.76
57.67
57.65
57.38
57.32
57.27
57.26
57.25
57.09
57.10
57.05
57.05
57.03
57.01
57.02
57.01
56.94
56.94
56.92
56.93
56.91
56.92
56.91
56.88
56.87
56.86
56.86
56.86
56.86
56.84
56.84
56.84
56.83
56.84
56.83
56.83
56.82
56.82
56.82
56.82
56.82
56.82
56.82
56.82
56.82
56.81
56.81
56.81
56.81
56.81
56.81
56.81
56.81
56.81
56.81
56.81
56.81
56.81
56.81
56.81
56.81
56.81
56.81
56.81
56.81
56.81
56.81
56.81
56.81
56.81
56.81
56.81
56.81
56.81
56.81
56.80
56.81
56.80
56.81
56.80
56.81
56.81
56.81
56.81
56.81
56.81
56.81
56.81
56.81
56.81
56.81
56.81
56.81
56.81
56.81
56.81
56.81
56.81
56.81
56.81
56.81
56.81
56.81
56.80
56.81
56.81
56.81
56.81
56.80
56.81
56.81
56.81
56.81
56.81
56.81
56.81
56.81
56.80
56.81
56.81
56.81
56.81
56.81
56.81
56.81
56.81
56.80
56.81
56.81
56.81
56.80
56.81
56.81
56.81
56.81
56.81
56.81
56.81
56.81
56.81
56.81
56.81
56.81
56.81
56.81
56.81
56.81
56.81
56.81
56.80
56.81
56.81
56.81
56.81
56.81
56.81
56.81
56.81
56.81
56.81
56.81
56.81
56.81
56.80
56.81
56.80
56.81
56.80
56.81
56.80
56.81
56.81
56.81
56.81
56.81
56.80
56.81
56.80
56.81
56.81
56.81
56.81
56.81
56.81
56.81
56.81
56.80
56.81
56.81
56.81
56.81
56.81
56.80
56.81
56.81
56.80
56.81
56.80
56.81
56.80
56.81
56.81
56.81
56.81
56.81
56.81
56.80
56.81
56.81
56.81
56.81
56.81
56.80
56.81
56.81
56.81
56.81
56.81
56.80
56.81
56.80
