1237.00
1234.49
1108.06
1097.24
1012.32
1026.14
939.78
833.32
805.03
789.44
778.60
768.13
732.22
727.88
722.77
720.22
719.43
705.93
703.73
701.86
700.52
698.07
693.74
693.32
691.93
691.71
691.32
689.21
688.58
688.23
687.86
688.00
687.59
686.40
686.20
686.00
685.65
685.81
685.59
685.03
685.01
684.79
684.80
684.79
684.68
684.47
684.40
684.30
684.30
684.30
684.29
684.14
684.09
684.09
684.06
684.06
683.99
683.97
683.96
683.96
683.95
683.95
683.93
683.91
683.90
683.89
683.89
683.89
683.89
683.87
683.87
683.86
683.86
683.86
683.86
683.86
683.85
683.86
683.86
683.85
683.84
683.84
683.84
683.84
683.84
683.84
683.84
683.84
683.83
683.83
683.83
683.83
683.83
683.83
683.83
683.83
683.83
683.83
683.83
683.83
683.83
683.83
683.83
683.83
683.83
683.83
683.83
683.82
683.82
683.83
683.83
683.82
683.83
683.83
683.83
683.82
683.82
683.82
683.82
683.82
683.82
683.82
683.82
683.83
683.82
683.83
683.82
683.83
683.82
683.82
683.83
683.82
683.82
683.82
683.82
683.82
683.82
683.82
683.82
683.82
683.82
683.82
683.82
683.82
683.82
683.82
683.82
683.82
683.82
683.82
683.82
683.82
683.83
683.82
683.82
683.82
683.82
683.82
683.82
683.82
683.82
683.82
683.82
683.82
683.82
683.82
683.83
683.83
683.82
683.82
683.83
683.82
683.82
683.82
683.82
683.82
683.82
683.82
683.82
683.82
683.82
683.82
683.82
683.82
683.82
683.82
683.82
683.82
683.82
683.82
683.82
683.82
683.82
683.82
683.82
683.82
683.82
683.82
683.82
683.82
683.82
683.82
683.82
683.82
683.83
683.82
683.82
683.82
683.83
683.82
683.83
683.82
683.83
683.82
683.82
683.82
683.82
683.82
683.82
683.82
683.82
683.82
683.82
683.82
683.83
683.82
683.82
683.82
683.82
683.82
683.82
683.82
683.82
683.82
683.82
683.82
683.82
683.83
683.82
683.82
