1547.00
1513.41
1585.31
1646.39
1797.91
1710.90
1793.16
1752.06
1792.95
1787.46
1804.73
1788.78
1415.81
1285.40
1236.90
1268.92
1253.68
1242.16
1123.90
1141.52
1128.02
1133.10
1132.34
1139.64
1129.78
1138.30
1128.30
1077.90
1082.94
1077.79
1081.76
1082.07
1079.59
1083.19
1078.39
1083.95
1077.90
1049.72
1054.94
1051.55
1054.23
1052.38
1053.47
1052.72
1052.78
1053.64
1052.56
1037.82
1041.14
1037.26
1041.03
1037.40
1040.92
1037.62
1040.69
1037.79
1032.54
1033.83
1032.23
1033.78
1032.25
1033.73
1032.35
1033.51
1032.54
1029.81
1030.33
1029.66
1030.33
1029.62
1030.34
1029.62
1030.34
1029.61
1028.36
1028.71
1028.28
1028.69
1028.28
1028.68
1028.28
1028.68
1028.29
1027.71
1027.80
1027.68
1027.81
1027.68
1027.81
1027.67
1027.81
1027.67
1027.34
1027.44
1027.32
1027.42
1027.32
1027.42
1027.32
1027.42
1027.32
1027.17
1027.21
1027.16
1027.20
1027.16
1027.21
1027.16
1027.21
1027.16
1027.08
1027.11
1027.09
1027.10
1027.08
1027.10
1027.09
1027.10
1027.09
1027.04
1027.06
1027.03
1027.06
1027.04
1027.05
1027.04
1027.05
1027.04
1027.02
1027.03
1027.02
1027.03
1027.02
1027.03
1027.02
1027.03
1027.01
1027.01
1027.01
1027.01
1027.01
1027.02
1027.01
1027.02
1027.01
1027.02
1027.00
1027.01
1027.00
1027.01
1027.00
1027.01
1027.00
1027.01
1027.01
1027.01
1027.00
1027.01
1027.00
1027.01
1027.00
1027.00
1027.01
1027.00
1027.00
1027.01
1027.00
1027.00
1027.00
1027.00
1027.00
1027.00
1027.00
1027.00
1027.00
1027.00
1027.00
1027.00
1027.00
1027.00
1027.00
1027.01
1027.00
1027.00
1027.00
1027.00
1027.00
1027.00
1027.00
1027.00
1027.00
1027.00
1027.00
1027.00
1027.00
1027.00
1027.00
1027.00
1027.00
1027.00
1027.00
1027.00
1027.00
1027.00
1027.00
1027.00
1027.00
1027.00
1026.99
1027.00
1026.99
1027.01
1026.99
1027.00
1027.00
1027.00
1027.00
1027.00
1027.00
1027.00
1027.00
1027.00
1027.01
1027.00
1027.00
1026.99
1027.01
1026.99
1027.01
1026.99
1027.00
1027.00
1027.00
1027.00
1027.00
1027.00
1027.00
1027.00
1027.00
1027.00
1027.00
1027.01
1026.98
1027.01
1026.99
1027.01
1026.99
1027.00
1027.00
1027.00
1027.00
1027.00
1027.00
1026.99
1027.00
1027.00
1027.00
1027.00
1027.00
1027.00
1027.00
1027.00
1027.00
1027.00
1027.01
1026.99
1027.00
1027.00
1027.00
1026.99
1027.01
1027.00
1027.00
1027.00
1027.00
1027.00
1027.00
1027.00
1027.00
1027.00
1027.00
1027.00
