222.00
155.06
154.83
150.04
149.76
146.86
133.43
132.60
131.12
129.91
127.64
125.22
125.01
123.44
123.70
123.46
122.71
121.90
121.64
121.63
121.25
120.99
120.71
120.53
120.44
120.27
120.36
120.20
120.05
120.02
119.97
119.93
119.88
119.82
119.80
119.79
119.75
119.75
119.71
119.70
119.68
119.68
119.65
119.66
119.64
119.63
119.62
119.61
119.61
119.60
119.60
119.59
119.59
119.59
119.58
119.58
119.58
119.57
119.57
119.57
119.57
119.57
119.57
119.57
119.57
119.56
119.57
119.56
119.56
119.56
119.56
119.56
119.56
119.56
119.56
119.56
119.56
119.56
119.56
119.56
119.56
119.56
119.56
119.56
119.56
119.56
119.56
119.56
119.56
119.55
119.56
119.55
119.55
119.55
119.55
119.55
119.55
119.55
119.55
119.55
119.55
119.55
119.55
119.55
119.55
119.55
119.55
119.55
119.55
119.55
119.55
119.55
119.55
119.55
119.55
119.55
119.55
119.55
119.55
119.55
119.55
119.55
119.55
119.55
119.55
119.55
119.55
119.55
119.55
119.55
119.55
119.55
119.55
119.55
119.55
119.55
119.55
119.55
119.55
119.55
119.55
119.55
119.55
119.55
119.55
119.55
119.55
119.55
119.55
119.55
119.55
119.55
119.55
119.55
119.55
119.55
119.55
119.55
119.55
119.55
119.55
119.55
119.55
119.55
119.55
119.55
119.55
119.55
119.55
119.55
119.55
119.55
119.55
119.55
119.55
119.55
119.55
119.55
119.55
119.55
119.55
119.55
119.55
119.55
119.55
119.55
119.55
119.55
119.55
119.55
119.55
119.55
119.55
119.55
119.55
119.55
119.55
119.55
119.55
119.55
119.55
119.55
119.55
119.55
119.55
119.55
119.55
119.55
119.55
119.55
119.55
119.55
119.55
119.55
119.55
119.55
119.55
119.55
119.55
119.55
119.55
119.55
119.55
119.55
119.55
119.55
119.55
119.55
119.55
119.55
119.55
119.55
119.55
119.55
119.55
119.55
119.55
119.55
119.55
119.55
119.55
119.55
119.55
119.55
119.55
119.55
