776.00
718.02
640.44
576.84
552.52
503.53
453.06
438.05
424.65
426.61
420.60
415.42
395.54
394.24
386.29
385.60
385.90
382.77
375.88
374.52
373.96
372.32
371.02
367.78
367.74
367.13
366.65
366.77
366.36
364.17
364.00
364.06
363.81
363.94
363.63
363.63
362.80
362.48
362.50
362.56
362.44
362.49
362.22
362.23
362.19
361.85
361.73
361.68
361.68
361.74
361.63
361.43
361.40
361.41
361.37
361.33
361.35
361.33
361.24
361.23
361.19
361.20
361.19
361.18
361.14
361.13
361.12
361.12
361.10
361.12
361.11
361.08
361.08
361.08
361.08
361.07
361.07
361.07
361.06
361.06
361.06
361.05
361.06
361.05
361.05
361.05
361.04
361.04
361.04
361.05
361.04
361.04
361.04
361.04
361.04
361.04
361.04
361.04
361.04
361.04
361.04
361.04
361.03
361.04
361.03
361.04
361.04
361.04
361.04
361.03
361.03
361.04
361.04
361.03
361.03
361.04
361.03
361.03
361.04
361.03
361.03
361.03
361.03
361.03
361.03
361.03
361.03
361.04
361.03
361.03
361.03
361.03
361.03
361.03
361.03
361.03
361.04
361.03
361.03
361.03
361.03
361.03
361.03
361.03
361.03
361.03
361.03
361.03
361.04
361.03
361.03
361.04
361.03
361.03
361.03
361.03
361.03
361.03
361.03
361.03
361.04
361.03
361.03
361.03
361.03
361.03
361.03
361.03
361.03
361.03
361.04
361.03
361.03
361.03
361.03
361.03
361.03
361.04
361.03
361.03
361.03
361.03
361.03
361.03
361.03
361.03
361.03
361.03
361.03
361.04
361.03
361.03
361.03
361.04
361.03
361.03
361.03
361.03
361.03
361.03
361.03
361.03
361.04
361.03
361.03
361.03
361.03
361.03
361.03
361.03
361.03
361.03
361.03
361.03
361.03
361.03
361.03
361.03
361.03
361.03
361.03
361.03
361.03
361.03
361.03
361.03
361.04
361.03
361.03
361.03
361.03
361.03
361.03
361.03
361.04
361.03
361.03
361.03
361.03
361.03
361.03
361.03
361.03
361.03
361.03
361.03
361.03
361.03
