202.00
69.00
65.47
63.67
61.97
59.90
54.86
52.21
50.50
49.65
49.52
47.90
47.82
47.29
47.36
47.11
47.22
46.88
46.58
46.54
46.35
46.33
46.32
46.16
46.08
46.03
46.01
45.97
45.89
45.89
45.88
45.86
45.84
45.84
45.80
45.80
45.79
45.78
45.78
45.76
45.76
45.75
45.75
45.75
45.75
45.74
45.74
45.73
45.73
45.73
45.73
45.73
45.73
45.72
45.72
45.72
45.72
45.72
45.72
45.72
45.72
45.72
45.72
45.71
45.71
45.71
45.71
45.71
45.71
45.71
45.71
45.71
45.71
45.71
45.71
45.71
45.71
45.71
45.71
45.71
45.71
45.71
45.71
45.71
45.71
45.71
45.71
45.71
45.71
45.71
45.71
45.71
45.71
45.71
45.71
45.71
45.71
45.71
45.71
45.71
45.71
45.71
45.71
45.71
45.71
45.71
45.71
45.71
45.71
45.71
45.71
45.71
45.71
45.71
45.71
45.71
45.71
45.71
45.71
45.71
45.71
45.71
45.71
45.71
45.71
45.71
45.71
45.71
45.71
45.71
45.71
45.71
45.71
45.71
45.71
45.71
45.71
45.71
45.71
45.71
45.71
45.71
45.71
45.71
45.71
45.71
45.71
45.71
45.71
45.71
45.71
45.71
45.71
45.71
45.71
45.71
45.71
45.71
45.71
45.71
45.71
45.71
45.71
45.71
45.71
45.71
45.71
45.71
45.71
45.71
45.71
45.71
45.71
45.71
45.71
45.71
45.71
45.71
45.71
45.71
45.71
45.71
45.71
45.71
45.71
45.71
45.71
45.71
45.71
45.71
45.71
45.71
45.71
45.71
45.71
45.71
45.71
45.71
45.71
45.71
45.71
45.71
45.71
45.71
45.71
45.71
45.71
45.71
45.71
45.71
45.71
45.71
45.71
45.71
45.71
45.71
45.71
45.71
45.71
45.71
45.71
45.71
45.71
45.71
45.71
45.71
45.71
45.71
45.71
45.71
45.71
45.71
45.71
45.71
45.71
45.71
45.71
45.71
45.71
45.71
