928.00
815.70
739.91
724.52
710.55
674.87
632.54
616.95
609.67
604.16
600.39
588.88
585.52
582.31
581.75
581.94
578.39
575.01
574.00
574.08
573.22
573.02
572.03
570.55
570.09
569.88
570.08
569.60
569.29
568.51
568.54
568.31
568.22
568.11
567.84
567.65
567.65
567.56
567.52
567.48
567.32
567.24
567.20
567.22
567.17
567.17
567.10
567.07
567.03
567.03
567.00
566.99
566.96
566.95
566.94
566.93
566.92
566.91
566.90
566.90
566.89
566.89
566.88
566.88
566.87
566.87
566.87
566.87
566.86
566.86
566.86
566.86
566.86
566.86
566.86
566.86
566.86
566.86
566.86
566.85
566.85
566.86
566.85
566.85
566.85
566.85
566.85
566.85
566.85
566.85
566.85
566.85
566.85
566.85
566.85
566.85
566.85
566.85
566.85
566.85
566.85
566.85
566.85
566.85
566.85
566.85
566.85
566.85
566.85
566.85
566.85
566.85
566.85
566.85
566.85
566.85
566.85
566.85
566.85
566.85
566.85
566.85
566.85
566.85
566.85
566.85
566.85
566.85
566.85
566.85
566.85
566.85
566.85
566.85
566.85
566.85
566.85
566.85
566.85
566.85
566.85
566.85
566.85
566.85
566.85
566.85
566.85
566.85
566.85
566.85
566.85
566.85
566.85
566.85
566.85
566.85
566.85
566.85
566.85
566.85
566.85
566.85
566.85
566.85
566.85
566.85
566.85
566.85
566.85
566.85
566.85
566.85
566.85
566.85
566.85
566.85
566.85
566.85
566.85
566.85
566.85
566.85
566.85
566.85
566.85
566.85
566.85
566.85
566.85
566.85
566.85
566.85
566.85
566.85
566.85
566.85
566.85
566.85
566.85
566.85
566.85
566.85
566.85
566.85
566.85
566.85
566.85
566.85
566.85
566.85
566.85
566.85
566.85
566.85
