54.00
56.11
55.39
54.76
57.91
53.89
54.96
53.81
46.21
43.03
41.43
40.53
40.40
36.43
35.09
34.75
34.12
34.25
33.86
32.72
32.49
32.12
31.99
32.14
31.83
31.43
31.34
31.27
31.19
31.19
31.09
30.92
30.85
30.87
30.82
30.79
30.76
30.66
30.63
30.63
30.60
30.63
30.59
30.53
30.54
30.53
30.51
30.52
30.51
30.50
30.48
30.47
30.47
30.47
30.46
30.45
30.45
30.45
30.44
30.45
30.44
30.44
30.44
30.44
30.43
30.43
30.43
30.43
30.43
30.43
30.43
30.43
30.43
30.43
30.43
30.43
30.43
30.43
30.43
30.42
30.42
30.42
30.43
30.42
30.42
30.42
30.43
30.42
30.42
30.42
30.42
30.42
30.42
30.42
30.42
30.42
30.42
30.42
30.42
30.42
30.42
30.42
30.42
30.42
30.42
30.42
30.42
30.42
30.42
30.42
30.42
30.42
30.42
30.42
30.42
30.42
30.42
30.42
30.42
30.42
30.42
30.42
30.42
30.42
30.42
30.42
30.42
30.42
30.42
30.42
30.42
30.42
30.42
30.42
30.42
30.42
30.42
30.42
30.42
30.42
30.42
30.42
30.42
30.42
30.42
30.42
30.42
30.42
30.42
30.42
30.42
30.42
30.42
30.42
30.42
30.42
30.42
30.42
30.42
30.42
30.42
30.42
30.42
30.42
30.42
30.42
30.42
30.42
30.42
30.42
30.42
30.42
30.42
30.42
30.42
30.42
30.42
30.42
30.42
30.42
30.42
30.42
30.42
30.42
30.42
30.42
30.42
30.42
30.42
30.42
30.42
30.42
30.42
30.42
30.42
30.42
30.42
30.42
30.42
30.42
30.42
30.42
30.42
30.42
30.42
30.42
30.42
30.42
30.42
30.42
30.42
30.42
30.42
30.42
30.42
30.42
30.42
30.42
30.42
30.42
30.42
30.42
30.42
30.42
30.42
30.42
30.42
30.42
30.42
30.42
30.42
30.42
30.42
30.42
30.42
30.42
30.42
30.42
30.42
30.42
30.42
30.42
30.42
30.42
30.42
30.42
30.42
30.42
