1547.00
1490.49
1453.04
1490.10
1499.93
1451.56
1464.55
1445.64
1429.95
1224.51
1193.20
1167.22
1173.60
1152.21
1143.71
1099.78
1093.01
1083.74
1079.99
1075.61
1056.24
1055.71
1051.35
1050.86
1050.23
1039.94
1039.00
1038.25
1037.96
1037.03
1031.91
1032.38
1031.52
1030.94
1031.59
1030.60
1031.47
1030.46
1028.07
1028.44
1027.81
1028.20
1027.85
1028.06
1027.78
1027.99
1027.80
1026.49
1026.68
1026.36
1026.63
1026.33
1026.57
1026.38
1026.51
1026.36
1025.67
1025.93
1025.63
1025.89
1025.63
1025.88
1025.61
1025.90
1025.62
1025.40
1025.45
1025.38
1025.43
1025.38
1025.41
1025.40
1025.41
1025.38
1025.22
1025.27
1025.21
1025.25
1025.20
1025.26
1025.20
1025.26
1025.20
1025.14
1025.16
1025.14
1025.15
1025.14
1025.15
1025.13
1025.15
1025.13
1025.10
1025.11
1025.10
1025.11
1025.09
1025.10
1025.10
1025.10
1025.10
1025.08
1025.09
1025.07
1025.08
1025.07
1025.08
1025.08
1025.08
1025.08
1025.07
1025.07
1025.07
1025.07
1025.07
1025.07
1025.07
1025.07
1025.06
1025.07
1025.06
1025.07
1025.06
1025.07
1025.06
1025.07
1025.06
1025.06
1025.06
1025.06
1025.06
1025.06
1025.06
1025.06
1025.06
1025.06
1025.06
1025.05
1025.06
1025.05
1025.06
1025.05
1025.06
1025.05
1025.06
1025.05
1025.06
1025.06
1025.06
1025.06
1025.06
1025.05
1025.06
1025.05
1025.06
1025.06
1025.06
1025.06
1025.05
1025.06
1025.06
1025.06
1025.05
1025.06
1025.06
1025.06
1025.06
1025.06
1025.06
1025.06
1025.06
1025.06
1025.06
1025.06
1025.06
1025.05
1025.06
1025.06
1025.06
1025.06
1025.06
1025.06
1025.05
1025.06
1025.06
1025.06
1025.05
1025.06
1025.05
1025.06
1025.05
1025.06
1025.05
1025.06
1025.06
1025.05
1025.06
1025.05
1025.06
1025.05
1025.06
1025.06
1025.06
1025.06
1025.06
1025.06
1025.06
1025.06
1025.06
1025.05
1025.06
1025.06
1025.06
1025.05
1025.06
1025.06
1025.06
1025.06
1025.06
1025.06
1025.06
1025.06
1025.06
1025.06
1025.05
1025.06
1025.06
1025.06
1025.06
1025.06
1025.06
1025.06
1025.06
1025.06
1025.06
1025.06
1025.06
1025.06
1025.05
1025.07
1025.05
1025.06
1025.05
1025.06
1025.05
1025.06
1025.05
1025.06
1025.06
1025.05
1025.06
1025.06
1025.06
1025.05
1025.06
1025.06
1025.06
1025.06
1025.05
