600.00
129.00
141.11
163.62
154.36
156.94
155.31
158.17
154.46
155.71
156.38
158.77
155.64
128.85
124.34
123.63
122.65
123.24
121.86
111.67
112.17
111.19
111.08
111.11
111.23
110.77
111.00
111.14
110.50
104.76
105.50
104.62
105.12
104.86
104.97
104.85
105.04
104.92
102.15
102.96
102.20
102.76
102.24
102.67
102.25
102.61
102.33
101.19
101.59
101.18
101.50
101.23
101.47
101.26
101.46
101.24
100.79
100.91
100.77
100.89
100.78
100.88
100.76
100.89
100.76
100.54
100.63
100.53
100.62
100.54
100.60
100.54
100.59
100.56
100.43
100.47
100.43
100.46
100.42
100.47
100.42
100.47
100.42
100.37
100.39
100.38
100.39
100.38
100.39
100.38
100.39
100.37
100.35
100.35
100.35
100.35
100.35
100.36
100.35
100.35
100.35
100.34
100.34
100.34
100.33
100.34
100.33
100.34
100.34
100.34
100.34
100.34
100.34
100.32
100.33
100.33
100.33
100.33
100.33
100.33
100.33
100.33
100.32
100.32
100.33
100.32
100.32
100.32
100.32
100.32
100.32
100.32
100.32
100.32
100.32
100.32
100.32
100.32
100.32
100.32
100.32
100.32
100.32
100.32
100.32
100.32
100.32
100.32
100.32
100.32
100.32
100.32
100.32
100.32
100.32
100.32
100.32
100.32
100.32
100.32
100.32
100.32
100.32
100.32
100.32
100.32
100.32
100.32
100.32
100.32
100.32
100.32
100.32
100.32
100.32
100.32
100.31
100.32
100.32
100.32
100.32
100.32
100.32
100.32
100.32
100.32
100.32
100.32
100.32
100.32
100.32
100.32
100.32
100.32
100.32
100.32
100.31
100.32
100.32
100.32
100.32
100.32
100.32
100.32
100.32
100.32
100.32
100.32
100.32
100.32
100.32
100.32
100.32
100.32
100.32
100.31
100.32
100.32
100.32
100.32
100.32
100.32
100.32
100.32
100.32
100.32
100.32
100.32
100.32
100.32
100.32
100.32
100.32
100.32
100.33
100.31
100.32
100.32
100.32
100.32
100.32
100.32
100.32
100.32
100.32
100.32
100.32
100.32
100.32
100.32
100.32
100.32
100.32
100.32
100.32
100.32
100.32
100.32
100.32
100.32
100.32
100.32
100.32
100.32
100.32
100.32
100.32
100.32
100.32
100.32
100.32
100.32
100.32
100.32
100.32
100.32
100.32
100.32
100.32
100.32
100.32
100.32
100.32
100.32
100.32
100.32
