124.00
146.11
171.78
164.72
176.83
171.40
180.15
174.58
176.95
174.38
135.51
125.19
127.85
127.03
124.07
127.70
128.53
129.71
128.65
112.14
115.58
115.31
116.04
115.82
115.74
115.88
115.70
106.91
106.81
106.81
106.75
106.70
102.81
103.79
102.74
103.49
102.86
103.42
102.90
103.35
102.96
101.41
101.70
101.37
101.68
101.38
101.65
101.40
101.63
101.42
100.73
100.81
100.71
100.79
100.72
100.78
100.71
100.78
100.72
100.33
100.44
100.33
100.42
100.32
100.42
100.31
100.41
100.32
100.16
100.22
100.16
100.21
100.16
100.20
100.16
100.20
100.16
100.08
100.10
100.08
100.10
100.09
100.10
100.08
100.10
100.08
100.04
100.05
100.04
100.05
100.04
100.05
100.04
100.05
100.04
100.02
100.03
100.02
100.02
100.02
100.02
100.02
100.01
100.01
100.01
100.01
100.01
100.01
100.01
100.00
100.01
100.00
100.01
100.00
100.01
100.01
100.01
100.01
100.00
100.00
100.00
100.00
100.00
100.01
100.00
100.00
100.01
100.00
100.00
100.00
100.01
99.99
100.00
100.00
100.01
100.00
100.00
100.00
100.00
100.00
100.00
100.00
100.00
100.00
100.00
100.00
100.00
100.00
100.00
100.00
100.00
100.00
100.00
100.00
100.00
100.00
100.00
100.00
100.01
100.00
100.00
100.00
100.00
100.00
99.99
100.00
100.00
100.00
99.99
100.00
100.00
100.00
99.99
100.00
99.99
100.00
100.00
100.00
100.00
100.00
100.00
100.00
100.00
100.00
100.00
100.00
100.00
100.00
100.00
100.00
100.00
100.00
100.00
100.00
100.00
100.00
100.00
100.00
100.00
100.00
100.00
100.00
100.00
100.00
100.00
100.00
100.00
100.00
100.00
100.00
100.00
99.99
100.01
100.00
100.00
100.00
100.00
100.00
100.00
100.00
100.00
100.00
100.00
100.00
99.99
100.00
100.00
100.00
100.00
100.00
100.00
100.00
100.00
100.00
100.00
100.00
100.00
100.00
100.00
100.00
100.00
100.00
100.00
100.00
100.00
100.00
100.00
100.00
100.00
99.99
100.00
100.00
100.00
100.00
100.00
100.00
100.00
100.00
100.00
100.00
