85.00
91.74
102.91
103.80
99.21
99.93
99.08
96.57
95.90
83.76
73.20
68.92
66.93
68.12
67.29
61.95
59.92
59.33
58.26
58.25
55.91
55.46
54.79
55.06
54.77
54.63
53.61
53.42
53.25
53.18
53.23
53.18
52.68
52.62
52.53
52.52
52.54
52.46
52.22
52.21
52.17
52.16
52.17
52.14
52.02
52.00
51.99
52.00
51.98
51.98
51.92
51.91
51.91
51.89
51.90
51.90
51.90
51.87
51.86
51.86
51.86
51.86
51.86
51.85
51.84
51.84
51.84
51.84
51.84
51.84
51.84
51.83
51.83
51.83
51.83
51.83
51.82
51.83
51.82
51.83
51.82
51.82
51.82
51.82
51.82
51.83
51.82
51.82
51.82
51.82
51.82
51.82
51.82
51.82
51.82
51.82
51.82
51.82
51.82
51.82
51.82
51.82
51.82
51.82
51.82
51.82
51.82
51.82
51.82
51.82
51.82
51.82
51.82
51.82
51.82
51.82
51.82
51.82
51.82
51.82
51.82
51.82
51.82
51.82
51.82
51.82
51.82
51.82
51.82
51.82
51.82
51.82
51.82
51.82
51.82
51.82
51.82
51.81
51.82
51.82
51.82
51.82
51.82
51.81
51.82
51.82
51.82
51.82
51.82
51.82
51.82
51.82
51.82
51.82
51.82
51.82
51.81
51.82
51.82
51.82
51.82
51.82
51.82
51.82
51.82
51.82
51.82
51.82
51.82
51.82
51.81
51.82
51.82
51.82
51.82
51.82
51.82
51.82
51.82
51.82
51.82
51.82
51.82
51.82
51.81
51.82
51.82
51.82
51.82
51.82
51.82
51.82
51.81
51.82
51.82
51.81
51.82
51.82
51.82
51.82
51.82
51.82
51.81
51.82
51.82
51.82
51.82
51.82
51.82
51.82
51.82
51.82
51.82
51.82
51.82
51.82
51.82
51.82
51.82
51.82
51.82
51.82
51.82
51.82
51.82
51.82
51.82
51.82
51.82
51.82
51.82
51.82
51.82
51.82
51.81
51.82
51.82
51.82
51.81
51.82
51.82
51.82
51.82
51.82
51.82
51.82
51.81
51.82
51.82
51.82
51.82
51.82
51.82
51.82
51.82
51.82
51.82
51.82
