1423.00
1304.25
1275.31
1215.01
1176.93
1179.54
1185.86
1175.07
1100.46
1071.86
1072.81
1052.90
1053.66
1051.01
1048.28
1031.12
1027.59
1023.96
1023.28
1021.83
1018.98
1018.10
1016.17
1016.21
1015.13
1014.49
1012.42
1011.89
1011.64
1011.25
1011.21
1010.60
1010.33
1009.95
1009.83
1009.76
1009.46
1009.29
1009.25
1009.16
1009.11
1008.95
1008.94
1008.82
1008.79
1008.74
1008.69
1008.68
1008.65
1008.64
1008.60
1008.58
1008.57
1008.56
1008.55
1008.53
1008.52
1008.52
1008.51
1008.51
1008.51
1008.50
1008.49
1008.49
1008.49
1008.49
1008.48
1008.48
1008.48
1008.48
1008.48
1008.48
1008.47
1008.47
1008.47
1008.47
1008.47
1008.47
1008.47
1008.47
1008.47
1008.47
1008.47
1008.47
1008.47
1008.47
1008.47
1008.47
1008.47
1008.47
1008.47
1008.47
1008.47
1008.47
1008.47
1008.47
1008.47
1008.47
1008.47
1008.47
1008.47
1008.47
1008.47
1008.47
1008.47
1008.47
1008.47
1008.47
1008.47
1008.47
1008.47
1008.47
1008.47
1008.47
1008.47
1008.47
1008.47
1008.47
1008.47
1008.47
1008.47
1008.47
1008.47
1008.47
1008.47
1008.47
1008.47
1008.47
1008.47
1008.47
1008.47
1008.47
1008.47
1008.47
1008.47
1008.47
1008.47
1008.47
1008.47
1008.47
1008.47
1008.47
1008.47
1008.47
1008.47
1008.47
1008.47
1008.47
1008.47
1008.47
1008.47
1008.47
1008.47
1008.47
1008.47
1008.47
1008.47
1008.47
1008.47
1008.47
1008.47
1008.47
1008.47
1008.47
1008.47
1008.47
1008.47
1008.47
1008.47
1008.47
1008.47
1008.47
1008.47
1008.47
1008.47
1008.47
1008.47
1008.47
1008.47
1008.47
1008.47
1008.47
1008.47
1008.47
1008.47
1008.47
1008.47
1008.46
1008.47
1008.47
1008.47
1008.47
1008.47
1008.47
1008.47
1008.47
1008.47
1008.47
1008.47
1008.47
1008.47
1008.47
1008.47
1008.47
1008.47
1008.47
1008.47
1008.47
1008.47
1008.47
1008.47
1008.47
1008.47
1008.47
1008.47
1008.47
1008.47
1008.47
1008.47
1008.47
1008.47
1008.47
1008.47
1008.47
1008.47
1008.47
1008.47
1008.47
1008.47
1008.47
1008.47
1008.47
1008.47
1008.47
