1218.00
1111.71
1104.60
1008.88
992.51
947.64
813.95
757.86
726.77
719.23
713.08
676.70
668.78
654.63
658.17
649.51
650.42
644.69
627.25
626.68
623.93
624.31
622.53
622.33
615.80
613.69
612.60
612.19
611.61
607.98
607.98
607.05
606.92
607.26
606.81
605.03
604.94
604.63
604.37
604.71
604.29
603.50
603.31
603.38
603.30
603.29
603.18
602.71
602.74
602.66
602.63
602.68
602.57
602.59
602.61
602.55
602.34
602.33
602.31
602.28
602.31
602.26
602.17
602.15
602.15
602.14
602.13
602.08
602.07
602.07
602.06
602.06
602.04
602.03
602.03
602.03
602.02
602.01
602.01
602.01
602.00
602.01
602.00
602.00
602.00
601.99
602.00
602.00
601.99
602.00
601.99
601.99
601.99
601.99
601.99
601.99
601.99
601.99
601.99
601.99
601.99
601.98
601.99
601.99
601.99
601.99
601.99
601.99
601.98
601.99
601.98
601.98
601.99
601.98
601.99
601.98
601.98
601.99
601.98
601.98
601.98
601.98
601.98
601.99
601.98
601.99
601.98
601.98
601.98
601.99
601.98
601.99
601.98
601.98
601.98
601.98
601.98
601.99
601.98
601.98
601.98
601.99
601.98
601.99
601.98
601.98
601.98
601.98
601.98
601.98
601.98
601.98
601.98
601.99
601.98
601.98
601.98
601.98
601.98
601.98
601.98
601.98
601.98
601.98
601.99
601.98
601.98
601.98
601.98
601.98
601.98
601.98
601.98
601.98
601.98
601.98
601.98
601.98
601.98
601.98
601.98
601.98
601.98
601.98
601.98
601.98
601.99
601.98
601.99
601.98
601.98
601.98
601.98
601.98
601.98
601.98
601.98
601.99
601.98
601.98
601.98
601.98
601.98
601.98
601.98
601.98
601.98
601.98
601.98
601.98
601.98
601.98
601.98
601.98
601.99
601.98
601.98
601.98
601.98
601.98
601.98
601.98
601.98
601.98
601.98
601.98
601.98
601.98
601.98
601.98
601.98
601.98
601.98
601.98
601.99
601.98
601.98
601.98
601.98
601.98
601.98
601.98
601.98
601.98
