53.00
53.38
56.02
50.28
51.56
48.96
49.62
47.69
51.67
46.29
41.57
40.66
38.69
36.58
36.88
36.80
33.69
32.89
32.12
31.80
31.78
30.71
30.26
30.18
29.77
29.92
29.86
29.38
29.19
29.02
29.14
29.02
28.90
28.72
28.64
28.57
28.55
28.59
28.55
28.45
28.39
28.37
28.35
28.36
28.33
28.27
28.27
28.26
28.25
28.25
28.24
28.22
28.21
28.21
28.20
28.20
28.18
28.18
28.18
28.17
28.18
28.17
28.17
28.17
28.16
28.16
28.16
28.16
28.16
28.16
28.16
28.16
28.16
28.16
28.15
28.15
28.16
28.15
28.15
28.15
28.16
28.15
28.15
28.15
28.15
28.15
28.15
28.15
28.15
28.15
28.15
28.15
28.15
28.15
28.15
28.15
28.15
28.15
28.15
28.15
28.15
28.15
28.15
28.15
28.15
28.15
28.15
28.15
28.15
28.15
28.15
28.15
28.15
28.15
28.15
28.15
28.15
28.15
28.15
28.15
28.15
28.15
28.15
28.15
28.15
28.15
28.15
28.15
28.15
28.15
28.15
28.15
28.15
28.15
28.15
28.15
28.15
28.15
28.15
28.15
28.15
28.15
28.15
28.15
28.15
28.15
28.15
28.15
28.15
28.15
28.15
28.15
28.15
28.15
28.15
28.15
28.15
28.15
28.15
28.15
28.15
28.15
28.15
28.15
28.15
28.15
28.15
28.15
28.15
28.15
28.15
28.15
28.15
28.15
28.15
28.15
28.15
28.15
28.15
28.15
28.15
28.15
28.15
28.15
28.15
28.15
28.15
28.15
28.15
28.15
28.15
28.15
28.15
28.15
28.15
28.15
28.15
28.15
28.15
28.15
28.15
28.15
28.15
28.15
28.15
28.15
28.15
28.15
28.15
28.15
28.15
28.15
28.15
28.15
28.15
28.15
28.15
28.15
28.15
28.15
28.15
28.15
28.15
28.15
28.15
28.15
28.15
28.15
28.15
28.15
28.15
28.15
28.15
28.15
28.15
28.15
28.15
28.15
28.15
28.15
28.15
28.15
28.15
28.15
28.15
28.15
28.15
28.15
28.15
28.15
28.15
28.15
28.15
28.15
28.15
28.15
28.15
28.15
28.15
28.15
28.15
