1003.00
751.00
677.07
662.21
589.24
604.99
535.02
470.69
444.25
441.80
428.43
433.48
418.96
400.17
390.41
389.21
385.18
381.78
372.86
371.90
368.25
367.63
368.91
365.45
362.10
360.72
360.09
359.26
359.95
359.08
356.55
356.23
355.79
355.61
355.80
355.50
354.52
354.35
353.82
354.19
353.97
353.82
353.22
353.22
353.14
353.12
353.08
352.84
352.72
352.70
352.70
352.65
352.70
352.64
352.51
352.48
352.47
352.45
352.46
352.44
352.37
352.34
352.35
352.34
352.33
352.34
352.33
352.31
352.29
352.28
352.29
352.28
352.28
352.27
352.26
352.26
352.26
352.25
352.26
352.25
352.26
352.25
352.25
352.24
352.24
352.24
352.24
352.24
352.24
352.24
352.24
352.24
352.24
352.24
352.24
352.23
352.23
352.23
352.23
352.23
352.23
352.23
352.23
352.23
352.23
352.23
352.23
352.23
352.23
352.23
352.23
352.23
352.23
352.23
352.23
352.23
352.23
352.23
352.23
352.23
352.23
352.23
352.23
352.23
352.23
352.23
352.23
352.23
352.23
352.23
352.23
352.23
352.23
352.23
352.23
352.23
352.23
352.23
352.23
352.23
352.23
352.23
352.23
352.23
352.23
352.23
352.23
352.23
352.23
352.23
352.23
352.23
352.23
352.23
352.23
352.23
352.23
352.23
352.23
352.23
352.23
352.23
352.23
352.23
352.23
352.23
352.23
352.23
352.23
352.23
352.23
352.23
352.23
352.23
352.23
352.23
352.23
352.23
352.23
352.23
352.23
352.23
352.23
352.23
352.23
352.23
352.23
352.23
352.23
352.23
352.23
352.23
352.23
352.23
352.23
352.23
352.23
352.23
352.23
352.23
352.23
352.23
352.23
352.23
352.23
352.23
352.23
352.23
352.23
352.23
352.23
352.23
352.23
352.23
352.23
352.23
352.23
352.23
352.23
352.23
352.23
352.23
352.23
352.23
352.23
352.23
352.23
352.23
352.23
352.23
352.23
352.23
352.23
352.23
352.23
352.23
352.23
352.23
352.23
352.23
352.23
352.23
352.23
352.23
352.23
352.23
352.23
352.23
