58.00
53.62
60.64
51.69
50.36
50.82
52.07
49.77
42.97
42.48
43.04
40.50
40.37
41.14
38.52
36.73
36.13
36.18
34.73
35.21
34.00
33.86
33.21
32.50
32.14
32.37
32.07
31.89
31.25
31.00
30.98
30.82
30.71
30.56
30.40
30.32
30.27
30.24
30.11
30.08
30.01
30.01
29.94
29.90
29.87
29.85
29.84
29.84
29.81
29.79
29.77
29.76
29.75
29.75
29.73
29.72
29.72
29.72
29.72
29.71
29.70
29.70
29.70
29.70
29.70
29.70
29.69
29.69
29.69
29.69
29.69
29.69
29.69
29.69
29.68
29.68
29.68
29.69
29.68
29.68
29.68
29.69
29.68
29.68
29.68
29.68
29.68
29.68
29.68
29.68
29.68
29.68
29.68
29.68
29.68
29.68
29.68
29.68
29.68
29.68
29.68
29.68
29.68
29.68
29.68
29.68
29.68
29.68
29.68
29.68
29.68
29.68
29.68
29.68
29.68
29.68
29.68
29.68
29.68
29.68
29.68
29.68
29.68
29.68
29.68
29.68
29.68
29.68
29.68
29.68
29.68
29.68
29.68
29.68
29.68
29.68
29.68
29.68
29.68
29.68
29.68
29.68
29.68
29.68
29.68
29.68
29.68
29.68
29.68
29.68
29.68
29.68
29.68
29.68
29.68
29.68
29.68
29.68
29.68
29.68
29.68
29.68
29.68
29.68
29.68
29.68
29.68
29.68
29.68
29.68
29.68
29.68
29.68
29.68
29.68
29.68
29.68
29.68
29.68
29.68
29.68
29.68
29.68
29.68
29.68
29.68
29.68
29.68
29.68
29.68
29.68
29.68
29.68
29.68
29.68
29.68
29.68
29.68
29.68
29.68
29.68
29.68
29.68
29.68
29.68
29.68
29.68
29.68
29.68
29.68
29.68
29.68
29.68
29.68
29.68
29.68
29.68
29.68
29.68
29.68
29.68
29.68
29.68
29.68
29.68
29.68
29.68
29.68
29.68
29.68
29.68
29.68
29.68
29.68
29.68
29.68
29.68
29.68
29.68
29.68
29.68
29.68
