1644.00
1318.20
1284.24
1185.56
1262.07
1103.81
938.78
905.91
893.80
871.23
853.76
818.91
796.87
793.10
782.00
784.20
773.31
752.98
745.04
742.99
740.51
742.58
738.56
728.29
725.53
723.82
721.73
722.81
721.24
716.91
715.37
714.95
714.11
714.45
713.80
711.02
710.58
710.23
710.09
709.74
708.71
708.29
708.14
708.09
707.99
707.34
707.23
707.08
706.99
706.96
706.71
706.61
706.57
706.55
706.53
706.39
706.33
706.31
706.29
706.31
706.25
706.20
706.17
706.18
706.16
706.15
706.17
706.15
706.12
706.11
706.09
706.10
706.10
706.09
706.07
706.07
706.06
706.07
706.06
706.06
706.06
706.05
706.05
706.05
706.05
706.05
706.05
706.04
706.04
706.04
706.04
706.04
706.04
706.04
706.04
706.03
706.04
706.03
706.04
706.03
706.04
706.04
706.03
706.03
706.03
706.03
706.03
706.03
706.03
706.03
706.03
706.03
706.03
706.03
706.03
706.04
706.03
706.03
706.03
706.03
706.03
706.03
706.03
706.03
706.03
706.03
706.03
706.03
706.03
706.03
706.03
706.03
706.03
706.03
706.03
706.03
706.03
706.03
706.03
706.03
706.03
706.03
706.03
706.03
706.03
706.03
706.03
706.03
706.03
706.03
706.03
706.03
706.03
706.03
706.03
706.03
706.03
706.03
706.03
706.03
706.03
706.03
706.03
706.03
706.03
706.03
706.03
706.03
706.03
706.03
706.03
706.03
706.03
706.03
706.03
706.03
706.03
706.03
706.03
706.03
706.03
706.03
706.03
706.03
706.03
706.03
706.03
706.03
706.03
706.03
706.03
706.03
706.03
706.03
706.03
706.03
706.03
706.03
706.03
706.03
706.03
706.03
706.03
706.03
706.03
706.03
706.03
706.03
706.03
706.03
706.03
706.03
706.03
706.03
706.03
706.03
706.03
706.03
706.03
706.03
706.03
706.03
706.03
706.03
706.03
706.03
706.03
706.03
706.03
706.03
706.03
706.03
706.03
706.03
706.03
706.03
706.03
706.03
706.03
