951.00
761.20
707.06
688.50
772.22
671.81
544.93
522.76
528.00
525.60
511.48
507.52
469.36
456.82
449.04
447.37
451.97
444.30
430.09
423.52
423.84
421.46
419.11
419.70
420.21
416.86
412.99
408.99
409.88
406.34
407.47
405.86
406.87
404.86
403.28
401.73
401.63
400.50
400.15
398.40
398.47
398.09
397.64
397.48
397.45
396.74
396.56
396.42
396.22
396.20
395.93
395.75
395.64
395.59
395.58
395.33
395.28
395.26
395.22
395.21
395.13
395.09
395.07
395.07
395.03
395.00
394.98
394.96
394.96
394.96
394.95
394.93
394.92
394.91
394.92
394.90
394.91
394.90
394.90
394.89
394.89
394.89
394.89
394.88
394.88
394.88
394.88
394.87
394.87
394.88
394.87
394.87
394.87
394.87
394.87
394.87
394.87
394.87
394.87
394.87
394.87
394.87
394.87
394.87
394.86
394.86
394.87
394.87
394.86
394.86
394.86
394.86
394.86
394.86
394.86
394.86
394.86
394.86
394.86
394.86
394.86
394.86
394.86
394.86
394.86
394.86
394.86
394.86
394.86
394.86
394.86
394.86
394.86
394.86
394.86
394.86
394.86
394.86
394.86
394.86
394.86
394.86
394.86
394.86
394.86
394.86
394.86
394.86
394.86
394.86
394.86
394.86
394.86
394.86
394.86
394.86
394.86
394.86
394.86
394.86
394.86
394.86
394.86
394.86
394.86
394.86
394.86
394.86
394.86
394.86
394.86
394.86
394.86
394.86
394.86
394.86
394.86
394.86
394.86
394.86
394.86
394.86
394.86
394.86
394.86
394.86
394.86
394.86
394.86
394.86
394.86
394.86
394.86
394.86
394.86
394.86
394.86
394.86
394.86
394.86
394.86
394.86
394.86
394.86
394.86
394.86
394.86
394.86
394.86
394.86
394.87
394.86
394.86
394.86
394.86
394.86
394.86
394.86
394.86
394.87
394.86
394.86
394.86
394.86
394.86
394.86
394.86
394.86
394.86
394.86
394.86
394.86
394.86
394.86
394.86
394.86
394.86
394.86
394.86
394.86
394.86
394.86
394.86
