78.00
74.18
71.81
72.51
69.46
66.25
60.30
55.57
52.26
51.45
49.88
47.95
47.28
47.25
46.71
46.60
45.33
45.34
44.90
44.90
44.71
44.63
44.22
44.12
44.09
43.95
43.96
43.98
43.84
43.65
43.61
43.59
43.57
43.55
43.45
43.40
43.42
43.38
43.40
43.38
43.36
43.31
43.30
43.30
43.30
43.29
43.30
43.28
43.26
43.26
43.25
43.25
43.24
43.25
43.25
43.23
43.23
43.23
43.23
43.22
43.23
43.22
43.22
43.22
43.21
43.22
43.22
43.21
43.21
43.21
43.21
43.21
43.21
43.21
43.21
43.21
43.21
43.21
43.21
43.20
43.21
43.20
43.20
43.20
43.20
43.20
43.20
43.20
43.20
43.20
43.20
43.20
43.20
43.20
43.20
43.20
43.20
43.20
43.20
43.20
43.20
43.20
43.20
43.20
43.20
43.20
43.20
43.20
43.20
43.20
43.20
43.20
43.20
43.20
43.20
43.20
43.20
43.20
43.20
43.20
43.20
43.20
43.20
43.20
43.20
43.20
43.20
43.20
43.20
43.20
43.20
43.20
43.20
43.20
43.20
43.20
43.20
43.20
43.20
43.20
43.20
43.20
43.20
43.20
43.20
43.20
43.20
43.20
43.20
43.20
43.20
43.20
43.20
43.20
43.20
43.20
43.20
43.20
43.20
43.20
43.20
43.20
43.20
43.20
43.20
43.20
43.20
43.20
43.20
43.20
43.20
43.20
43.20
43.20
43.20
43.20
43.20
43.20
43.20
43.20
43.20
43.20
43.20
43.20
43.20
43.20
43.20
43.20
43.20
43.20
43.20
43.20
43.20
43.20
43.20
43.20
43.20
43.20
43.20
43.20
43.20
43.20
43.20
43.20
43.20
43.20
43.20
43.20
43.20
43.20
43.20
43.20
43.20
43.20
43.20
43.20
43.20
43.20
43.20
43.20
43.20
43.20
43.20
43.20
43.20
43.20
43.20
43.20
43.20
43.20
43.20
43.20
43.20
43.20
43.20
43.20
43.20
43.20
43.20
43.20
43.20
43.20
43.20
43.20
43.20
43.20
43.20
43.20
43.20
43.20
43.20
43.20
43.20
43.20
43.20
43.20
43.20
43.20
43.20
43.20
