118.00
117.29
116.79
111.55
115.32
108.09
92.26
87.09
85.31
83.99
81.53
76.51
74.21
72.79
72.05
71.85
69.35
68.70
68.48
68.31
67.97
66.75
66.59
66.34
66.23
66.02
65.56
65.44
65.35
65.33
65.28
65.01
64.91
64.86
64.87
64.85
64.81
64.69
64.65
64.65
64.62
64.62
64.61
64.55
64.53
64.52
64.52
64.52
64.49
64.48
64.47
64.47
64.47
64.46
64.47
64.46
64.45
64.45
64.44
64.44
64.44
64.44
64.43
64.43
64.43
64.42
64.43
64.42
64.42
64.42
64.42
64.42
64.42
64.42
64.42
64.42
64.42
64.42
64.41
64.42
64.42
64.42
64.41
64.42
64.41
64.41
64.41
64.41
64.41
64.41
64.41
64.41
64.41
64.41
64.42
64.41
64.41
64.41
64.41
64.41
64.41
64.41
64.42
64.41
64.41
64.41
64.41
64.41
64.41
64.41
64.41
64.41
64.41
64.41
64.41
64.41
64.41
64.41
64.41
64.41
64.41
64.41
64.42
64.41
64.41
64.41
64.41
64.41
64.41
64.41
64.42
64.41
64.41
64.41
64.41
64.41
64.41
64.41
64.41
64.41
64.41
64.42
64.41
64.41
64.41
64.41
64.41
64.41
64.41
64.41
64.41
64.41
64.41
64.41
64.41
64.41
64.41
64.41
64.41
64.41
64.41
64.42
64.41
64.41
64.41
64.41
64.41
64.41
64.41
64.41
64.41
64.41
64.41
64.41
64.41
64.41
64.41
64.41
64.41
64.41
64.42
64.41
64.41
64.41
64.41
64.41
64.41
64.41
64.41
64.41
64.41
64.41
64.41
64.41
64.41
64.41
64.42
64.41
64.41
64.42
64.41
64.41
64.41
64.41
64.41
64.41
64.41
64.41
64.41
64.41
64.41
64.41
64.41
64.41
64.41
64.41
64.41
64.41
64.41
64.41
64.41
64.41
64.41
64.42
64.41
64.41
64.41
64.41
64.41
64.41
64.41
