186.00
201.59
214.86
209.42
207.69
201.89
202.00
194.10
170.37
154.31
149.12
142.73
141.55
130.93
126.23
124.44
123.73
122.70
117.79
116.95
115.73
115.44
115.42
112.87
112.48
112.28
112.06
111.84
110.88
110.67
110.51
110.48
110.33
109.83
109.75
109.68
109.67
109.63
109.36
109.30
109.28
109.27
109.25
109.11
109.10
109.08
109.07
109.05
108.99
108.98
108.97
108.97
108.96
108.94
108.93
108.93
108.92
108.92
108.91
108.91
108.89
108.90
108.89
108.89
108.89
108.90
108.88
108.89
108.88
108.88
108.88
108.88
108.88
108.88
108.88
108.89
108.87
108.88
108.87
108.87
108.88
108.87
108.87
108.88
108.87
108.87
108.87
108.87
108.86
108.87
108.87
108.87
108.87
108.87
108.87
108.87
108.87
108.87
108.87
108.87
108.87
108.88
108.87
108.87
108.86
108.86
108.87
108.87
108.87
108.87
108.87
108.87
108.87
108.88
108.86
108.87
108.86
108.86
108.87
108.87
108.87
108.88
108.86
108.87
108.86
108.87
108.86
108.87
108.87
108.86
108.87
108.87
108.87
108.87
108.87
108.87
108.87
108.86
108.87
108.87
108.87
108.88
108.86
108.87
108.86
108.87
108.87
108.86
108.87
108.86
108.87
108.87
108.88
108.87
108.87
108.86
108.87
108.87
108.86
108.88
108.87
108.86
108.87
108.86
108.87
108.87
108.86
108.87
108.87
108.86
108.88
108.86
108.87
108.87
108.87
108.87
108.86
108.87
108.87
108.88
108.86
108.87
108.86
108.87
108.87
108.87
108.87
108.86
108.88
108.87
108.87
108.87
108.87
108.86
108.87
108.86
108.88
108.86
108.87
108.86
108.87
108.87
108.87
108.87
108.86
108.87
108.87
108.87
108.87
108.86
108.87
108.87
108.86
108.87
108.86
108.86
108.87
108.86
108.88
108.86
108.87
108.86
108.86
108.87
108.87
108.86
108.87
108.87
108.86
108.88
108.86
108.87
108.87
108.87
108.87
108.87
108.87
108.87
