109.00
108.11
111.52
104.17
104.77
99.36
103.23
95.67
87.50
81.84
79.27
79.45
76.32
75.03
70.55
67.84
66.71
66.01
65.93
63.99
63.08
62.27
61.90
61.90
60.58
60.23
60.02
59.82
59.72
59.20
59.03
58.85
58.86
58.73
58.73
58.48
58.38
58.31
58.28
58.28
58.31
58.24
58.12
58.08
58.05
58.05
58.03
57.95
57.94
57.92
57.93
57.91
57.91
57.91
57.88
57.87
57.85
57.86
57.86
57.85
57.84
57.83
57.83
57.83
57.82
57.83
57.81
57.82
57.81
57.81
57.81
57.81
57.81
57.81
57.81
57.80
57.81
57.80
57.80
57.80
57.80
57.80
57.80
57.80
57.80
57.80
57.80
57.80
57.80
57.80
57.79
57.80
57.79
57.79
57.80
57.79
57.80
57.80
57.79
57.80
57.79
57.79
57.80
57.79
57.79
57.80
57.79
57.80
57.79
57.79
57.80
57.79
57.79
57.80
57.79
57.79
57.79
57.79
57.79
57.80
57.79
57.80
57.79
57.80
57.79
57.79
57.79
57.79
57.79
57.79
57.80
57.79
57.80
57.79
57.79
57.79
57.79
57.79
57.79
57.79
57.79
57.79
57.80
57.79
57.79
57.79
57.79
57.79
57.79
57.79
57.79
57.79
57.80
57.79
57.80
57.79
57.79
57.79
57.79
57.79
57.79
57.79
57.79
57.80
57.79
57.79
57.79
57.79
57.79
57.79
57.79
57.79
57.79
57.79
57.80
57.79
57.79
57.79
57.79
57.79
57.79
57.79
57.79
57.79
57.80
57.79
57.79
57.79
57.79
57.79
57.79
57.79
57.79
57.79
57.79
57.80
57.79
57.80
57.79
57.79
57.79
57.79
57.79
57.79
57.79
57.80
57.79
57.79
57.79
57.79
57.79
57.79
57.79
57.79
57.80
57.79
57.79
57.79
57.79
57.79
57.79
57.79
57.80
57.79
57.79
57.79
57.79
57.79
57.79
57.79
57.79
57.79
57.80
57.79
57.80
57.79
57.79
57.79
57.80
57.79
57.79
57.79
57.79
57.80
57.79
57.79
57.79
57.80
57.79
57.79
57.79
57.80
57.79
