1066.00
1012.49
944.18
941.90
913.97
908.81
772.82
719.41
683.23
662.11
658.04
620.24
611.07
605.84
603.44
601.98
584.02
584.92
581.23
581.90
579.37
579.70
577.85
577.77
570.33
570.10
569.28
569.38
568.30
567.88
565.40
564.75
564.66
564.16
564.06
562.47
562.16
562.13
561.96
561.85
561.17
561.00
560.96
560.80
560.83
560.80
560.38
560.32
560.32
560.25
560.22
560.07
560.01
559.97
559.99
559.95
559.94
559.86
559.85
559.84
559.82
559.82
559.78
559.77
559.76
559.75
559.76
559.75
559.74
559.72
559.72
559.72
559.72
559.71
559.71
559.71
559.71
559.70
559.70
559.70
559.70
559.70
559.70
559.70
559.69
559.69
559.69
559.69
559.69
559.69
559.69
559.69
559.69
559.69
559.69
559.69
559.69
559.69
559.69
559.69
559.69
559.69
559.69
559.69
559.69
559.69
559.69
559.68
559.69
559.69
559.68
559.69
559.69
559.69
559.69
559.69
559.69
559.69
559.69
559.69
559.68
559.69
559.69
559.69
559.69
559.68
559.69
559.68
559.69
559.69
559.69
559.69
559.69
559.68
559.69
559.69
559.69
559.69
559.69
559.69
559.69
559.69
559.69
559.69
559.69
559.69
559.69
559.69
559.69
559.69
559.69
559.69
559.69
559.69
559.69
559.68
559.69
559.69
559.69
559.69
559.69
559.69
559.69
559.69
559.69
559.69
559.69
559.68
559.69
559.69
559.69
559.69
559.69
559.69
559.69
559.69
559.68
559.69
559.68
559.69
559.68
559.69
559.69
559.69
559.69
559.69
559.69
559.69
559.69
559.68
559.69
559.69
559.69
559.69
559.68
559.69
559.69
559.69
559.69
559.68
559.69
559.69
559.69
559.69
559.69
559.69
559.69
559.69
559.69
559.69
559.68
559.69
559.69
559.69
559.69
559.69
559.68
559.69
559.68
559.69
559.69
559.69
559.69
