520.00
249.63
236.49
235.09
225.82
221.71
205.33
202.06
197.41
195.67
194.39
190.73
189.67
188.57
188.16
187.61
186.35
186.03
185.70
185.60
185.37
184.93
184.77
184.65
184.49
184.48
184.26
184.20
184.17
184.09
184.07
183.97
183.96
183.91
183.90
183.87
183.84
183.83
183.81
183.81
183.80
183.78
183.77
183.76
183.76
183.75
183.76
183.74
183.73
183.73
183.73
183.72
183.72
183.72
183.72
183.71
183.71
183.71
183.71
183.71
183.71
183.71
183.70
183.70
183.71
183.70
183.70
183.70
183.70
183.70
183.70
183.70
183.70
183.70
183.70
183.70
183.70
183.70
183.70
183.70
183.70
183.70
183.70
183.70
183.70
183.70
183.70
183.70
183.70
183.70
183.70
183.70
183.70
183.70
183.70
183.70
183.70
183.70
183.70
183.70
183.69
183.70
183.70
183.70
183.70
183.70
183.70
183.69
183.70
183.70
183.69
183.70
183.70
183.69
183.70
183.70
183.70
183.69
183.70
183.70
183.70
183.70
183.69
183.70
183.70
183.70
183.70
183.70
183.69
183.70
183.70
183.70
183.69
183.69
183.70
183.70
183.70
183.70
183.70
183.70
183.70
183.69
183.69
183.69
183.70
183.70
183.70
183.69
183.70
183.70
183.70
183.69
183.70
183.69
183.70
183.70
183.70
183.69
183.70
183.70
183.69
183.70
183.70
183.70
183.70
183.70
183.70
183.70
183.69
183.70
183.69
183.70
183.69
183.70
183.70
183.70
183.70
183.69
183.70
183.70
183.69
183.70
183.70
183.70
183.70
183.70
183.70
183.70
183.69
183.69
183.70
183.70
183.70
183.70
183.69
183.69
183.70
183.70
183.70
183.69
183.69
183.69
183.69
183.70
183.70
183.70
183.70
183.70
183.69
183.70
183.69
183.70
183.70
183.70
183.70
183.70
183.70
183.70
183.69
183.70
183.69
183.70
183.70
183.69
183.70
183.69
183.70
183.70
183.70
183.70
183.69
