1732.00
1534.65
1467.85
1293.35
1300.49
1223.10
1204.25
1057.64
986.32
955.13
935.41
921.09
872.99
848.90
840.00
840.96
830.74
826.13
808.19
802.83
801.55
798.60
799.15
798.29
788.31
785.33
784.07
783.38
783.64
782.79
777.14
776.85
775.49
775.97
775.46
775.27
773.10
772.29
772.24
772.19
771.82
770.75
770.56
770.49
770.34
770.27
769.80
769.63
769.49
769.55
769.48
769.48
769.43
769.14
769.06
769.06
769.01
769.01
769.00
768.98
768.85
768.82
768.78
768.79
768.77
768.77
768.70
768.68
768.67
768.67
768.66
768.66
768.65
768.62
768.62
768.61
768.61
768.61
768.61
768.59
768.59
768.58
768.58
768.58
768.58
768.57
768.57
768.57
768.57
768.57
768.56
768.56
768.56
768.56
768.56
768.56
768.56
768.56
768.56
768.56
768.56
768.56
768.56
768.56
768.56
768.56
768.56
768.56
768.56
768.56
768.56
768.56
768.56
768.55
768.55
768.56
768.56
768.55
768.56
768.55
768.56
768.56
768.56
768.56
768.55
768.56
768.55
768.55
768.55
768.56
768.55
768.56
768.55
768.55
768.56
768.55
768.56
768.55
768.55
768.55
768.55
768.55
768.55
768.55
768.56
768.56
768.56
768.55
768.56
768.55
768.56
768.55
768.55
768.56
768.55
768.55
768.56
768.55
768.56
768.55
768.55
768.55
768.55
768.56
768.55
768.55
768.55
768.56
768.55
768.56
768.55
768.55
768.55
768.55
768.55
768.56
768.55
768.55
768.56
768.55
768.55
768.55
768.55
768.56
768.55
768.55
768.56
768.56
768.55
768.55
768.56
768.55
768.55
768.55
768.56
768.55
768.55
768.56
768.56
768.55
768.56
768.55
768.56
768.55
768.55
768.56
768.55
768.56
768.55
768.56
768.55
768.55
768.55
768.56
768.56
768.55
768.55
768.56
768.55
768.56
768.55
768.56
768.56
768.55
768.56
768.55
768.56
768.55
768.56
768.55
768.55
768.56
768.56
768.55
768.56
768.55
768.56
