2784.00
2692.67
2374.95
2250.35
2128.31
2090.32
1845.94
1775.00
1707.85
1675.78
1671.36
1590.62
1579.32
1565.30
1557.30
1556.67
1528.43
1519.21
1515.19
1512.27
1511.37
1498.02
1494.52
1492.73
1491.87
1490.31
1484.84
1484.30
1482.72
1483.05
1481.99
1481.87
1479.13
1478.43
1478.02
1477.96
1477.29
1476.12
1475.89
1475.65
1475.46
1475.43
1474.78
1474.62
1474.47
1474.41
1474.37
1474.06
1473.96
1473.92
1473.88
1473.87
1473.68
1473.66
1473.62
1473.60
1473.61
1473.58
1473.50
1473.48
1473.46
1473.46
1473.45
1473.40
1473.40
1473.40
1473.38
1473.38
1473.38
1473.37
1473.36
1473.35
1473.34
1473.35
1473.34
1473.34
1473.33
1473.33
1473.33
1473.33
1473.33
1473.32
1473.32
1473.32
1473.32
1473.32
1473.32
1473.32
1473.32
1473.32
1473.31
1473.32
1473.31
1473.31
1473.32
1473.31
1473.31
1473.31
1473.32
1473.31
1473.31
1473.31
1473.31
1473.31
1473.31
1473.31
1473.31
1473.31
1473.31
1473.31
1473.31
1473.31
1473.31
1473.31
1473.31
1473.31
1473.31
1473.31
1473.31
1473.31
1473.31
1473.31
1473.31
1473.31
1473.31
1473.31
1473.31
1473.31
1473.31
1473.31
1473.31
1473.31
1473.31
1473.31
1473.31
1473.31
1473.31
1473.31
1473.31
1473.31
1473.31
1473.31
1473.31
1473.31
1473.31
1473.31
1473.31
1473.31
1473.31
1473.31
1473.31
1473.31
1473.31
1473.31
1473.31
1473.31
1473.31
1473.31
1473.31
1473.31
1473.31
1473.30
1473.31
1473.30
1473.31
1473.31
1473.31
1473.31
1473.31
1473.31
1473.31
1473.31
1473.31
1473.31
1473.31
1473.31
1473.31
1473.31
1473.31
1473.31
1473.31
1473.31
1473.31
1473.31
1473.31
1473.30
1473.31
1473.31
1473.31
1473.31
1473.31
1473.31
1473.31
1473.31
1473.31
1473.31
1473.31
1473.31
1473.31
1473.31
1473.31
1473.31
1473.31
1473.31
1473.31
1473.31
1473.31
1473.31
1473.31
1473.31
1473.31
1473.31
1473.31
1473.31
1473.31
1473.31
1473.31
1473.31
1473.31
1473.31
1473.31
1473.31
1473.31
1473.31
1473.31
1473.31
1473.31
1473.31
1473.31
1473.31
1473.31
1473.31
1473.31
1473.31
1473.31
1473.31
1473.31
