520.00
249.63
236.29
235.09
225.72
221.71
205.28
202.06
197.37
195.67
194.36
190.72
189.67
188.56
188.15
187.61
186.35
186.03
185.70
185.60
185.37
184.93
184.77
184.65
184.49
184.48
184.26
184.20
184.17
184.09
184.07
183.97
183.96
183.91
183.90
183.87
183.84
183.83
183.81
183.81
183.80
183.78
183.77
183.76
183.76
183.74
183.76
183.74
183.74
183.73
183.73
183.73
183.72
183.72
183.72
183.72
183.71
183.71
183.71
183.71
183.71
183.71
183.70
183.71
183.71
183.70
183.71
183.70
183.70
183.70
183.70
183.70
183.70
183.70
183.70
183.70
183.70
183.70
183.70
183.70
183.70
183.70
183.70
183.70
183.70
183.70
183.70
183.70
183.70
183.70
183.70
183.70
183.70
183.70
183.70
183.70
183.70
183.70
183.70
183.70
183.70
183.70
183.70
183.70
183.70
183.70
183.70
183.70
183.70
183.70
183.69
183.70
183.70
183.70
183.70
183.70
183.70
183.70
183.70
183.70
183.70
183.70
183.70
183.70
183.70
183.70
183.70
183.70
183.70
183.70
183.70
183.70
183.69
183.69
183.70
183.70
183.70
183.70
183.70
183.70
183.70
183.70
183.70
183.70
183.70
183.70
183.70
183.70
183.70
183.70
183.70
183.70
183.70
183.69
183.70
183.70
183.70
183.70
183.70
183.70
183.69
183.70
183.70
183.70
183.70
183.70
183.70
183.70
183.69
183.70
183.70
183.70
183.69
183.70
183.70
183.70
183.70
183.70
183.70
183.70
183.69
183.70
183.69
183.70
183.70
183.70
183.69
183.70
183.69
183.70
183.70
183.70
183.70
183.70
183.69
183.70
183.70
183.70
183.70
183.70
183.70
183.70
183.69
183.70
183.70
183.70
183.70
183.70
183.69
183.70
183.69
183.70
183.70
183.70
183.70
183.70
183.70
183.70
183.69
183.70
183.70
183.70
183.70
183.69
183.70
183.70
183.70
183.70
183.70
183.70
183.69
