2730.00
2420.90
2393.01
2125.05
2084.34
1955.88
1722.12
1591.47
1526.57
1509.16
1490.28
1385.59
1363.62
1349.95
1343.23
1335.80
1295.99
1293.04
1283.47
1280.62
1281.50
1276.79
1261.63
1256.86
1256.23
1255.38
1253.03
1245.19
1243.52
1242.85
1242.43
1241.27
1237.83
1236.77
1236.88
1236.43
1236.21
1236.09
1234.09
1233.75
1233.36
1233.38
1233.05
1232.95
1232.17
1231.92
1231.83
1231.69
1231.68
1231.23
1231.05
1231.07
1231.03
1231.02
1230.98
1230.71
1230.67
1230.65
1230.65
1230.62
1230.62
1230.60
1230.48
1230.46
1230.43
1230.44
1230.42
1230.42
1230.42
1230.42
1230.35
1230.34
1230.34
1230.32
1230.32
1230.32
1230.31
1230.29
1230.28
1230.28
1230.28
1230.27
1230.28
1230.27
1230.27
1230.26
1230.25
1230.26
1230.25
1230.25
1230.25
1230.25
1230.25
1230.25
1230.24
1230.24
1230.24
1230.24
1230.24
1230.25
1230.23
1230.24
1230.24
1230.24
1230.23
1230.24
1230.23
1230.23
1230.23
1230.23
1230.23
1230.23
1230.23
1230.24
1230.23
1230.24
1230.23
1230.23
1230.23
1230.23
1230.23
1230.23
1230.23
1230.23
1230.24
1230.23
1230.23
1230.23
1230.23
1230.23
1230.23
1230.23
1230.23
1230.23
1230.23
1230.22
1230.23
1230.23
1230.23
1230.22
1230.23
1230.23
1230.23
1230.23
1230.23
1230.23
1230.23
1230.22
1230.23
1230.22
1230.23
1230.23
1230.23
1230.23
1230.22
1230.24
1230.22
1230.23
1230.23
1230.23
1230.23
1230.23
1230.22
1230.23
1230.22
1230.23
1230.23
1230.23
1230.22
1230.22
1230.23
1230.22
1230.22
1230.23
1230.22
1230.23
1230.22
1230.22
1230.23
1230.22
1230.23
1230.22
1230.23
1230.22
1230.23
1230.23
1230.23
1230.22
1230.23
1230.22
1230.23
1230.23
1230.22
1230.23
1230.23
1230.22
1230.23
1230.23
1230.23
1230.23
1230.22
1230.23
1230.23
1230.22
1230.23
1230.23
1230.23
1230.22
1230.22
1230.23
1230.22
1230.22
1230.23
1230.22
1230.23
1230.22
1230.23
1230.22
1230.22
1230.23
1230.23
1230.23
1230.22
1230.23
1230.23
1230.22
1230.23
1230.22
1230.23
1230.23
1230.23
1230.23
1230.22
1230.23
1230.23
1230.23
1230.22
1230.23
1230.22
1230.22
1230.23
1230.22
1230.23
1230.22
1230.23
1230.22
