2048.00
1798.94
1651.26
1584.35
1536.85
1465.73
1354.19
1329.76
1296.34
1290.95
1274.52
1249.22
1242.80
1237.43
1235.60
1234.15
1225.08
1223.41
1220.45
1219.49
1217.79
1214.92
1214.10
1212.92
1212.77
1212.27
1210.79
1210.31
1210.09
1209.65
1209.43
1208.81
1208.50
1208.38
1208.19
1207.97
1207.78
1207.61
1207.54
1207.43
1207.37
1207.22
1207.18
1207.12
1207.04
1207.04
1206.95
1206.91
1206.88
1206.87
1206.84
1206.80
1206.80
1206.78
1206.77
1206.76
1206.74
1206.73
1206.72
1206.72
1206.72
1206.71
1206.70
1206.70
1206.70
1206.69
1206.69
1206.69
1206.69
1206.68
1206.68
1206.68
1206.68
1206.68
1206.68
1206.67
1206.67
1206.67
1206.67
1206.67
1206.67
1206.67
1206.67
1206.67
1206.67
1206.67
1206.67
1206.67
1206.67
1206.67
1206.67
1206.67
1206.67
1206.67
1206.67
1206.67
1206.67
1206.67
1206.67
1206.67
1206.67
1206.67
1206.67
1206.67
1206.67
1206.67
1206.67
1206.67
1206.67
1206.67
1206.67
1206.67
1206.67
1206.66
1206.67
1206.67
1206.67
1206.67
1206.67
1206.67
1206.67
1206.67
1206.67
1206.66
1206.67
1206.67
1206.67
1206.67
1206.67
1206.67
1206.67
1206.67
1206.67
1206.67
1206.67
1206.66
1206.67
1206.67
1206.67
1206.67
1206.67
1206.66
1206.67
1206.66
1206.67
1206.67
1206.67
1206.67
1206.67
1206.67
1206.67
1206.67
1206.67
1206.67
1206.67
1206.67
1206.67
1206.66
1206.67
1206.67
1206.67
1206.67
1206.67
1206.67
1206.66
1206.67
1206.67
1206.67
1206.67
1206.67
1206.67
1206.67
1206.67
1206.67
1206.67
1206.66
1206.67
1206.67
1206.66
1206.67
1206.67
1206.67
1206.67
1206.66
1206.67
1206.67
1206.67
1206.67
1206.67
1206.67
1206.67
1206.67
1206.67
1206.66
1206.66
1206.67
1206.67
1206.67
1206.67
1206.67
1206.67
1206.67
1206.67
1206.66
1206.67
1206.67
1206.67
1206.67
1206.67
1206.67
1206.67
1206.67
1206.67
1206.67
