62.00
58.36
61.05
56.45
56.53
54.94
55.47
54.83
47.13
45.09
44.67
44.01
44.55
41.86
39.90
38.55
37.77
37.55
36.99
35.92
35.37
35.11
34.80
34.89
34.56
34.17
33.95
33.74
33.64
33.63
33.35
33.20
33.11
33.10
33.04
32.91
32.86
32.85
32.81
32.79
32.72
32.69
32.66
32.67
32.65
32.66
32.65
32.61
32.60
32.59
32.59
32.58
32.58
32.57
32.56
32.56
32.55
32.55
32.55
32.54
32.54
32.54
32.54
32.54
32.53
32.53
32.53
32.53
32.53
32.53
32.53
32.53
32.52
32.52
32.52
32.52
32.52
32.52
32.52
32.52
32.52
32.52
32.52
32.52
32.52
32.52
32.52
32.52
32.52
32.53
32.52
32.52
32.52
32.52
32.52
32.52
32.52
32.52
32.52
32.52
32.53
32.52
32.52
32.52
32.52
32.52
32.52
32.52
32.52
32.52
32.52
32.52
32.52
32.52
32.52
32.52
32.52
32.52
32.52
32.52
32.52
32.52
32.52
32.52
32.52
32.52
32.52
32.52
32.52
32.52
32.52
32.52
32.52
32.52
32.52
32.52
32.52
32.52
32.52
32.52
32.52
32.52
32.52
32.52
32.52
32.52
32.52
32.52
32.52
32.52
32.52
32.52
32.52
32.52
32.52
32.52
32.52
32.52
32.52
32.52
32.52
32.52
32.52
32.52
32.52
32.52
32.52
32.52
32.52
32.52
32.52
32.52
32.52
32.52
32.52
32.52
32.52
32.52
32.52
32.52
32.52
32.52
32.52
32.52
32.52
32.52
32.52
32.52
32.52
32.52
32.52
32.52
32.52
32.52
32.52
32.52
32.52
32.52
32.52
32.52
32.52
32.52
32.52
32.52
32.52
32.52
32.52
32.52
32.52
32.52
32.52
32.52
32.52
32.52
32.52
32.52
32.52
32.52
32.52
32.52
32.52
32.52
32.52
32.52
32.52
32.52
32.52
32.52
32.52
32.52
32.52
32.52
32.52
32.52
32.52
32.52
32.52
32.52
32.52
32.52
32.52
32.52
32.52
32.52
32.52
32.52
32.52
