200.00
203.51
215.56
208.60
207.03
207.08
200.67
195.90
168.22
154.53
146.18
141.94
140.72
132.80
129.00
127.95
127.42
125.79
122.73
122.35
121.44
121.42
120.95
119.34
119.10
118.86
118.58
118.58
117.81
117.68
117.52
117.52
117.42
117.06
117.03
116.94
116.92
116.89
116.72
116.68
116.67
116.63
116.61
116.54
116.53
116.50
116.49
116.49
116.48
116.44
116.43
116.43
116.42
116.43
116.41
116.42
116.41
116.40
116.39
116.39
116.38
116.39
116.38
116.37
116.37
116.37
116.37
116.36
116.36
116.36
116.36
116.36
116.36
116.36
116.36
116.36
116.36
116.36
116.35
116.35
116.36
116.35
116.35
116.36
116.35
116.35
116.35
116.36
116.35
116.35
116.35
116.35
116.35
116.35
116.35
116.35
116.35
116.35
116.35
116.34
116.35
116.35
116.35
116.35
116.35
116.35
116.35
116.35
116.35
116.35
116.35
116.36
116.35
116.34
116.35
116.35
116.35
116.35
116.34
116.36
116.35
116.35
116.35
116.35
116.35
116.35
116.35
116.35
116.34
116.35
116.35
116.35
116.35
116.35
116.35
116.35
116.35
116.35
116.34
116.35
116.35
116.35
116.35
116.35
116.35
116.35
116.34
116.35
116.35
116.36
116.35
116.35
116.35
116.34
116.35
116.34
116.35
116.35
116.34
116.35
116.35
116.35
116.35
116.35
116.35
116.35
116.35
116.35
116.35
116.34
116.35
116.35
116.34
116.35
116.34
116.35
116.35
116.35
116.34
116.35
116.34
116.35
116.35
116.35
116.35
116.35
116.35
116.35
116.35
116.35
116.35
116.35
116.35
116.35
116.35
116.35
116.34
116.35
116.35
116.35
116.35
116.34
116.35
116.35
116.36
116.35
116.35
116.35
116.35
116.34
116.36
116.35
116.35
116.34
116.35
116.35
116.35
116.35
116.35
116.35
116.35
116.35
116.35
116.35
116.35
116.35
116.35
116.35
116.35
116.35
116.35
116.35
116.35
116.35
116.34
116.35
116.35
116.35
116.35
116.34
116.35
116.35
116.35
