1015.00
820.70
789.11
703.18
759.09
691.33
588.97
573.37
556.08
531.89
543.18
543.78
540.22
502.29
489.41
484.61
482.69
482.91
477.55
461.21
459.17
458.31
456.48
455.81
449.26
448.21
447.18
446.59
445.25
442.41
441.29
440.44
440.27
440.17
439.08
438.21
437.93
437.73
437.82
437.79
436.92
436.66
436.52
436.53
436.46
436.52
436.39
436.01
435.89
435.83
435.72
435.76
435.78
435.74
435.53
435.46
435.46
435.45
435.45
435.35
435.32
435.30
435.29
435.29
435.23
435.23
435.21
435.22
435.20
435.21
435.21
435.18
435.17
435.18
435.17
435.17
435.17
435.17
435.16
435.15
435.15
435.15
435.15
435.15
435.14
435.14
435.14
435.14
435.14
435.14
435.14
435.13
435.14
435.13
435.14
435.13
435.14
435.13
435.13
435.13
435.13
435.13
435.13
435.13
435.13
435.13
435.13
435.13
435.13
435.13
435.13
435.13
435.13
435.13
435.13
435.13
435.13
435.13
435.13
435.13
435.13
435.13
435.13
435.13
435.13
435.13
435.13
435.13
435.13
435.13
435.13
435.13
435.13
435.13
435.13
435.13
435.13
435.13
435.13
435.13
435.13
435.13
435.13
435.13
435.13
435.13
435.13
435.13
435.13
435.13
435.13
435.13
435.13
435.13
435.13
435.13
435.13
435.13
435.13
435.13
435.13
435.13
435.13
435.13
435.13
435.13
435.13
435.13
435.13
435.13
435.13
435.13
435.13
435.13
435.13
435.13
435.13
435.13
435.13
435.13
435.13
435.13
435.13
435.13
435.13
435.13
435.13
435.13
435.13
435.13
435.13
435.13
435.13
435.13
435.13
435.13
435.13
435.13
435.13
435.13
435.13
435.13
435.13
435.13
435.13
435.13
435.13
435.13
435.13
435.13
435.13
435.13
435.13
435.13
435.13
435.13
435.13
435.13
435.13
435.13
435.13
435.13
435.13
435.13
435.13
435.13
435.13
435.13
435.13
435.13
435.13
435.13
435.13
435.13
435.13
435.13
435.13
435.13
435.13
435.13
