3287.00
2909.77
2770.63
2631.08
2585.65
2544.36
2428.48
2383.35
2359.68
2340.03
2328.34
2309.88
2301.63
2295.24
2291.65
2285.63
2281.36
2278.27
2276.22
2273.38
2274.03
2272.15
2269.63
2268.90
2268.20
2267.46
2266.84
2265.79
2265.28
2264.87
2264.75
2264.30
2263.91
2263.61
2263.45
2263.25
2263.30
2262.96
2262.86
2262.68
2262.62
2262.59
2262.52
2262.39
2262.32
2262.30
2262.24
2262.23
2262.18
2262.15
2262.14
2262.12
2262.10
2262.08
2262.07
2262.05
2262.04
2262.03
2262.02
2262.02
2262.01
2262.01
2262.00
2262.00
2262.00
2261.99
2261.99
2261.99
2261.99
2261.98
2261.98
2261.98
2261.98
2261.98
2261.98
2261.98
2261.98
2261.98
2261.98
2261.97
2261.97
2261.97
2261.97
2261.97
2261.97
2261.97
2261.97
2261.97
2261.97
2261.97
2261.97
2261.97
2261.97
2261.97
2261.97
2261.97
2261.97
2261.97
2261.97
2261.97
2261.97
2261.97
2261.97
2261.97
2261.97
2261.97
2261.97
2261.97
2261.97
2261.97
2261.97
2261.97
2261.97
2261.97
2261.97
2261.97
2261.97
2261.97
2261.97
2261.97
2261.97
2261.97
2261.97
2261.97
2261.97
2261.97
2261.97
2261.97
2261.97
2261.97
2261.97
2261.97
2261.97
2261.97
2261.97
2261.97
2261.97
2261.97
2261.97
2261.97
2261.97
2261.97
2261.97
2261.97
2261.97
2261.97
2261.97
2261.97
2261.97
2261.97
2261.97
2261.97
2261.97
2261.97
2261.97
2261.97
2261.97
2261.97
2261.97
2261.97
2261.97
2261.97
2261.97
2261.97
2261.97
2261.97
2261.97
2261.97
2261.97
2261.97
2261.97
2261.97
2261.97
2261.97
2261.97
2261.97
2261.97
2261.97
2261.97
2261.97
2261.97
2261.97
2261.97
2261.97
2261.97
2261.97
2261.97
2261.97
2261.97
2261.97
2261.97
2261.97
2261.97
2261.97
2261.97
2261.97
2261.97
2261.97
2261.97
2261.97
2261.97
2261.97
2261.97
2261.97
2261.97
2261.97
2261.97
2261.97
2261.97
2261.97
2261.97
2261.97
2261.97
2261.97
2261.97
2261.97
2261.97
2261.97
2261.97
2261.97
2261.97
2261.97
